# f
4.64116235
4.84052925
5.039896150000001
5.23926305
5.43862995
5.63799685
5.83736375
6.03673065
6.23609755
6.4354644500000004
6.634831350000001
6.83419825
7.03356515
7.2329320500000005
7.43229895
7.63166585
7.83103275
8.03039965
8.22976655
8.42913345
8.62850035
8.82786725
9.02723415
9.22660105
9.42596795
9.625334850000002
9.824701750000001
10.02406865
10.223435550000001
10.42280245
10.62216935
10.821536250000001
11.02090315
11.22027005
11.419636950000001
11.61900385
11.81837075
12.01773765
12.21710455
12.41647145
12.61583835
12.81520525
13.014572150000001
13.21393905
13.41330595
13.612672850000001
13.81203975
14.011406650000001
14.21077355
14.41014045
14.609507350000001
14.80887425
15.008241150000002
15.207608050000001
15.40697495
15.606341850000002
15.80570875
16.005075650000002
16.204442550000003
16.40380945
16.60317635
16.80254325
17.00191015
17.20127705
17.400643950000003
17.60001085
17.79937775
17.99874465
18.19811155
18.39747845
18.596845350000002
18.796212250000004
18.99557915
19.19494605
19.39431295
19.59367985
19.793046750000002
19.992413650000003
20.19178055
20.391147450000002
20.59051435
20.78988125
20.98924815
21.188615050000003
21.387981950000004
21.587348849999998
21.78671575
21.98608265
22.18544955
22.384816450000002
22.584183350000004
22.783550250000005
22.98291715
23.18228405
23.38165095
23.581017850000002
23.780384750000003
23.979751650000004
24.17911855
24.37848545
