# f
5.26014004
5.4579413599999995
5.6557426799999995
5.853543999999999
6.051345319999999
6.249146639999999
6.446947959999999
6.644749279999999
6.842550599999999
7.040351919999999
7.238153239999999
7.435954559999999
7.63375588
7.8315572
8.029358519999999
8.227159839999999
8.424961159999999
8.622762479999999
8.820563799999999
9.018365119999999
9.216166439999999
9.413967759999998
9.611769079999998
9.809570399999998
10.00737172
10.20517304
10.40297436
10.60077568
10.798577
10.99637832
11.19417964
11.39198096
11.58978228
11.7875836
11.98538492
12.18318624
12.38098756
12.57878888
12.7765902
12.97439152
13.17219284
13.36999416
13.56779548
13.765596799999999
13.963398119999999
14.161199439999999
14.359000759999999
14.556802079999999
14.7546034
14.95240472
15.15020604
15.34800736
15.54580868
15.74361
15.94141132
16.13921264
16.33701396
16.53481528
16.7326166
16.93041792
17.12821924
17.32602056
17.52382188
17.7216232
17.91942452
18.11722584
18.31502716
18.51282848
18.7106298
18.90843112
19.10623244
19.30403376
19.50183508
19.6996364
19.89743772
20.09523904
20.29304036
20.49084168
20.688643
20.88644432
21.08424564
21.28204696
21.47984828
21.6776496
21.87545092
22.07325224
22.27105356
22.46885488
22.6666562
22.86445752
23.06225884
23.26006016
23.45786148
23.655662799999998
23.853464119999998
24.051265439999998
24.24906676
24.44686808
24.6446694
24.84247072
