# f
4.43708588
4.645391682
4.853697484
5.0620032859999995
5.270309087999999
5.478614889999999
5.686920691999999
5.895226494
6.103532296
6.311838098
6.5201439
6.728449702
6.936755504
7.145061306
7.3533671080000005
7.56167291
7.769978712
7.978284514
8.186590316
8.394896118
8.60320192
8.811507722
9.019813524
9.228119326
9.436425128
9.64473093
9.853036732
10.061342534000001
10.269648336
10.477954138000001
10.68625994
10.894565742000001
11.102871544
11.311177346000001
11.519483147999999
11.72778895
11.936094751999999
12.144400554
12.352706356
12.561012158
12.76931796
12.977623762
13.185929564
13.394235366
13.602541168
13.81084697
14.019152772
14.227458574
14.435764376
14.644070178
14.85237598
15.060681782
15.268987584
15.477293386
15.685599188000001
15.893904990000001
16.102210792
16.310516594
16.518822396
16.727128198000003
16.935434
17.143739802
17.352045604
17.560351406000002
17.768657208
17.97696301
18.185268812
18.393574614000002
18.601880416
18.810186218
19.01849202
19.226797822
19.435103624
19.643409425999998
19.851715228
20.06002103
20.268326832
20.476632633999998
20.684938436000003
20.893244238
21.10155004
21.309855841999997
21.518161644000003
21.726467446
21.934773248
22.143079049999997
22.351384852000002
22.559690654
22.767996456
22.976302258000004
23.184608060000002
23.392913862
23.601219664
23.809525466000004
24.017831268000002
24.22613707
24.434442871999998
24.642748674000003
24.851054476
25.059360278
