# f
5.62843387
5.821892512000001
6.015351154
6.208809796000001
6.402268438
6.5957270800000005
6.789185722
6.982644364
7.176103006
7.369561648
7.56302029
7.756478932
7.949937574
8.143396216
8.336854858
8.5303135
8.723772142
8.917230784000001
9.110689426
9.304148068
9.49760671
9.691065351999999
9.884523994
10.077982636
10.271441278000001
10.46489992
10.658358562
10.851817204
11.045275846
11.238734487999999
11.43219313
11.625651772
11.819110414
12.012569056
12.206027698
12.39948634
12.592944981999999
12.786403624
12.979862266
13.173320908
13.36677955
13.560238192
13.753696834
13.947155475999999
14.140614118
14.33407276
14.527531402
14.720990043999999
14.914448686
15.107907328
15.301365969999999
15.494824612
15.688283254
15.881741896
16.075200537999997
16.26865918
16.462117822
16.655576464
16.849035106
17.042493748
17.23595239
17.429411031999997
17.622869674
17.816328316
18.009786958
18.2032456
18.396704242
18.590162884
18.783621525999997
18.977080168
19.17053881
19.363997452
19.557456094
19.750914736
19.944373378
20.137832019999998
20.331290662
20.524749303999997
20.718207946
20.911666588
21.10512523
21.298583872000002
21.492042513999998
21.685501156
21.878959797999997
22.07241844
22.265877081999996
22.459335724
22.652794366000002
22.846253007999998
23.03971165
23.233170291999997
23.426628934
23.620087575999996
23.813546218
24.007004860000002
24.200463501999998
24.393922144
24.587380785999997
24.780839428
