# f
5.91116619
6.100870435
6.290574680000001
6.480278925
6.66998317
6.859687415
7.04939166
7.239095905
7.428800150000001
7.618504395
7.80820864
7.997912885
8.18761713
8.377321375000001
8.56702562
8.756729865
8.94643411
9.136138355
9.3258426
9.515546845
9.70525109
9.894955335
10.08465958
10.274363825
10.46406807
10.653772315000001
10.84347656
11.033180805
11.22288505
11.412589295
11.60229354
11.791997785
11.981702030000001
12.171406274999999
12.36111052
12.550814765
12.74051901
12.930223255000001
13.1199275
13.309631745
13.499335989999999
13.689040235
13.87874448
14.068448725
14.258152970000001
14.447857214999999
14.63756146
14.827265704999999
15.01696995
15.206674195000002
15.39637844
15.586082685000001
15.775786929999999
15.965491175
16.15519542
16.344899665
16.53460391
16.724308155
16.9140124
17.103716645
17.29342089
17.483125135
17.67282938
17.862533625
18.05223787
18.241942115
18.43164636
18.621350605
18.81105485
19.000759095
19.19046334
19.380167585
19.56987183
19.759576075
19.94928032
20.138984565
20.32868881
20.518393055
20.7080973
20.897801545
21.087505789999998
21.277210035
21.46691428
21.656618525
21.84632277
22.036027015
22.22573126
22.415435504999998
22.60513975
22.794843994999997
22.98454824
23.174252485
23.363956729999998
23.553660975
23.743365219999998
23.933069465
24.12277371
24.312477955
24.5021822
24.691886444999998
