# f
5.33329604
5.539674024
5.7460520079999995
5.952429992
6.158807975999999
6.36518596
6.571563943999999
6.777941928
6.984319911999999
7.190697896
7.397075879999999
7.603453864
7.809831848
8.016209832
8.222587815999999
8.4289658
8.635343784
8.841721768
9.048099751999999
9.254477735999998
9.46085572
9.667233704
9.873611688
10.079989672
10.286367656
10.492745639999999
10.699123623999999
10.905501607999998
11.111879592
11.318257575999999
11.52463556
11.731013544
11.937391528
12.143769511999999
12.350147495999998
12.55652548
12.762903463999999
12.969281448
13.175659432
13.382037416
13.588415399999999
13.794793383999998
14.001171367999998
14.207549351999997
14.413927336
14.62030532
14.826683304
15.033061287999999
15.239439271999998
15.445817255999998
15.652195239999998
15.858573224
16.064951208
16.271329192
16.477707176
16.68408516
16.890463143999998
17.096841127999998
17.303219111999997
17.509597096
17.71597508
17.922353064
18.128731048
18.335109032
18.541487015999998
18.747864999999997
18.954242984
19.160620968
19.366998952
19.573376936
19.77975492
19.986132903999998
20.192510887999997
20.398888871999997
20.605266856
20.81164484
21.018022824
21.224400808
21.430778791999998
21.637156775999998
21.84353476
22.049912744
22.256290728
22.462668712
22.669046696
22.87542468
23.081802663999998
23.288180648
23.494558632
23.700936616
23.9073146
24.113692584
24.320070568
24.526448551999998
24.732826535999997
24.93920452
25.145582504
25.351960488
25.558338472
25.764716456
