# f
4.91426142
5.113173206
5.312084992
5.510996778
5.709908564
5.90882035
6.107732136
6.306643922
6.505555708
6.704467494
6.90337928
7.102291065999999
7.301202851999999
7.5001146379999994
7.6990264239999995
7.8979382099999995
8.096849996
8.295761782
8.494673568
8.693585354
8.89249714
9.091408926
9.290320712
9.489232498
9.688144284
9.88705607
10.085967856
10.284879642
10.483791428
10.682703214
10.881615
11.080526786
11.279438572
11.478350358
11.677262144
11.87617393
12.075085716
12.273997502
12.472909288
12.671821074
12.87073286
13.069644646
13.268556432
13.467468218
13.666380004
13.86529179
14.064203576
14.263115362
14.462027148
14.660938934
14.85985072
15.058762506
15.257674292
15.456586078
15.655497864
15.854409650000001
16.053321436
16.252233222
16.451145008
16.650056794
16.84896858
17.047880366
17.246792152
17.445703938
17.644615724
17.84352751
18.042439296
18.241351082
18.440262868
18.639174654
18.83808644
19.036998226
19.235910012
19.434821798
19.633733584
19.83264537
20.031557156
20.230468942
20.429380728
20.628292514
20.827204300000002
21.026116086
21.225027872
21.423939658
21.622851444
21.82176323
22.020675016
22.219586802
22.418498588
22.617410374
22.81632216
23.015233946
23.214145732
23.413057518
23.611969304
23.81088109
24.009792876
24.208704662
24.407616448
24.606528234
