# f
5.48994797
5.682002801
5.874057632
6.0661124630000005
6.258167294000001
6.450222125
6.642276956
6.834331787
7.026386618
7.218441449
7.41049628
7.602551111
7.7946059420000005
7.9866607730000005
8.178715604
8.370770435
8.562825266
8.754880097000001
8.946934928000001
9.138989759000001
9.331044590000001
9.523099421000001
9.715154252000001
9.907209083000001
10.099263914000002
10.291318745000002
10.483373576000002
10.675428407
10.867483238
11.059538069
11.2515929
11.443647731
11.635702562
11.827757393
12.019812224
12.211867055
12.403921886000001
12.595976717000001
12.788031548
12.980086379
13.17214121
13.364196041
13.556250872
13.748305703
13.940360534
14.132415365
14.324470196
14.516525027
14.708579858
14.900634689
15.09268952
15.284744351
15.476799182
15.668854013
15.860908844
16.052963675
16.245018506
16.437073337
16.629128168
16.821182999
17.01323783
17.205292661
17.397347492
17.589402323
17.781457154
17.973511985000002
18.165566816000002
18.357621647000002
18.549676478000002
18.741731309000002
18.933786140000002
19.125840971000002
19.317895802000002
19.509950633000003
19.702005464000003
19.894060295
20.086115126
20.278169957
20.470224788
20.662279619
20.85433445
21.046389281
21.238444112
21.430498943
21.622553774
21.814608605
22.006663436
22.198718267
22.390773098
22.582827929
22.77488276
22.966937591
23.158992422
23.351047253
23.543102084
23.735156915
23.927211746
24.119266577
24.311321408
24.503376239
