# f
4.01977936
4.234611806
4.449444252
4.664276698
4.879109144
5.09394159
5.308774036000001
5.523606482
5.738438928000001
5.953271374
6.168103820000001
6.382936266
6.597768712000001
6.8126011580000005
7.0274336040000005
7.2422660500000005
7.457098496
7.671930942
7.886763388
8.101595834000001
8.31642828
8.531260726
8.746093172
8.960925618000001
9.175758064
9.390590510000001
9.605422956000002
9.820255402
10.035087848
10.249920294
10.464752740000002
10.679585186
10.894417632
11.109250078
11.324082524000001
11.53891497
11.753747416
11.968579862
12.183412308000001
12.398244754
12.6130772
12.827909646000002
13.042742092000001
13.257574538
13.472406984
13.687239430000002
13.902071876
14.116904322
14.331736768000003
14.546569214000002
14.76140166
14.976234106
15.191066552000002
15.405898998000001
15.620731444
15.83556389
16.050396336000002
16.265228782
16.480061228
16.694893674
16.909726120000002
17.124558566
17.339391012
17.554223458
17.769055904000002
17.98388835
18.198720796
18.413553242000003
18.628385688
18.843218134
19.05805058
19.272883026000002
19.487715472
19.702547918
19.917380364
20.132212810000002
20.347045256
20.561877702
20.776710148000003
20.991542594000002
21.20637504
21.421207486000004
21.636039932000003
21.850872378000002
22.065704824
22.280537270000004
22.495369716000003
22.710202162
22.925034608
23.139867054000003
23.354699500000002
23.569531946
23.784364392
23.999196838000003
24.214029284000002
24.42886173
24.643694176000004
24.858526622000003
25.073359068000002
25.288191514
