# f
6.3191516
6.502024287999999
6.684896975999999
6.867769664
7.050642352
7.2335150399999995
7.416387728
7.599260416
7.782133104
7.9650057919999995
8.14787848
8.330751167999999
8.513623855999999
8.696496543999999
8.879369232
9.06224192
9.245114608
9.427987296
9.610859984
9.793732672
9.97660536
10.159478048
10.342350736
10.525223424
10.708096112
10.8909688
11.073841488
11.256714176
11.439586863999999
11.622459551999999
11.80533224
11.988204928
12.171077616
12.353950304
12.536822992
12.719695680000001
12.902568368
13.085441056
13.268313744
13.451186432
13.63405912
13.816931808
13.999804496
14.182677184
14.365549872
14.54842256
14.731295248
14.914167936
15.097040624
15.279913312
15.462786
15.645658688
15.828531375999999
16.011404064
16.194276752
16.37714944
16.560022128
16.742894816
16.925767504
17.108640192
17.29151288
17.474385568000002
17.657258256
17.840130944000002
18.023003631999998
18.20587632
18.388749007999998
18.571621696
18.754494383999997
18.937367072
19.12023976
19.303112448
19.485985136
19.668857824
19.851730512
20.0346032
20.217475888000003
20.400348576
20.583221264000002
20.766093952
20.948966640000002
21.131839327999998
21.314712016
21.497584703999998
21.680457392
21.86333008
22.046202768
22.229075456
22.411948144
22.594820832000003
22.77769352
22.960566208000003
23.143438896
23.326311584000003
23.509184272
23.692056960000002
23.874929648
24.057802336
24.240675023999998
24.423547712
