# f
4.32871362
4.539125351
4.749537082
4.9599488130000005
5.170360544
5.380772275
5.591184006000001
5.801595737
6.012007468
6.222419199
6.43283093
6.643242661
6.853654392
7.064066123
7.274477854000001
7.484889585
7.695301316
7.905713047
8.116124778
8.326536509
8.536948240000001
8.747359971
8.957771702
9.168183433
9.378595164
9.589006895
9.799418626
10.009830357
10.220242088
10.430653819
10.64106555
10.851477281000001
11.061889012
11.272300742999999
11.482712474
11.693124205
11.903535936
12.113947667
12.324359398
12.534771129
12.74518286
12.955594591
13.166006322
13.376418053
13.586829784
13.797241515
14.007653246
14.218064977
14.428476708
14.638888439
14.84930017
15.059711901
15.270123631999999
15.480535363
15.690947094
15.901358824999999
16.111770556
16.322182287
16.532594017999998
16.743005748999998
16.95341748
17.163829211
17.374240942
17.584652673
17.795064404
18.005476135000002
18.215887866
18.426299597
18.636711327999997
18.847123058999998
19.05753479
19.267946521
19.478358252
19.688769983
19.899181714
20.109593445
20.320005176000002
20.530416907000003
20.740828637999996
20.951240368999997
21.161652099999998
21.372063831
21.582475562
21.792887293
22.003299024
22.213710755
22.424122486
22.634534217000002
22.844945948000003
23.055357678999997
23.265769409999997
23.476181140999998
23.686592872
23.897004603
24.107416334
24.317828065
24.528239796
24.738651527000002
24.949063258000002
25.159474988999996
