# f
4.59070001
4.800617732
5.010535454
5.2204531759999995
5.430370898
5.64028862
5.850206342
6.060124064
6.270041786
6.479959508
6.6898772300000005
6.899794952000001
7.109712674
7.319630396
7.529548118
7.739465839999999
7.9493835619999995
8.159301284
8.369219006
8.579136728
8.78905445
8.998972172
9.208889894
9.418807615999999
9.628725337999999
9.838643059999999
10.048560782
10.258478504
10.468396226
10.678313948
10.88823167
11.098149392
11.308067114
11.517984836
11.727902558
11.93782028
12.147738002
12.357655724
12.567573446
12.777491168000001
12.987408890000001
13.197326612000001
13.407244334000001
13.617162056000002
13.827079778000002
14.036997499999998
14.246915221999998
14.456832943999999
14.666750665999999
14.876668387999999
15.086586109999999
15.296503831999999
15.506421554
15.716339276
15.926256998
16.13617472
16.346092442
16.556010164
16.765927886
16.975845608
17.18576333
17.395681052
17.605598774
17.815516496
18.025434218
18.23535194
18.445269662
18.655187384
18.865105106
19.075022828
19.28494055
19.494858272
19.704775994
19.914693716
20.124611438
20.33452916
20.544446882
20.754364604
20.964282326
21.174200048
21.38411777
21.594035492
21.803953214
22.013870936
22.223788658
22.43370638
22.643624102
22.853541824
23.063459546
23.273377268
23.483294989999997
23.693212711999998
23.903130433999998
24.113048155999998
24.322965877999998
24.532883599999998
24.742801322
24.952719044
25.162636766
25.372554488
