# f
5.50572687
5.696156703
5.886586536
6.077016369
6.267446202
6.457876035
6.648305868
6.838735701
7.0291655340000005
7.219595367
7.4100252
7.600455033
7.790884866
7.981314699
8.171744532
8.362174365
8.552604198000001
8.743034031
8.933463864
9.123893697
9.31432353
9.504753362999999
9.695183196
9.885613029
10.076042862
10.266472695000001
10.456902528
10.647332361
10.837762194
11.028192027
11.218621859999999
11.409051693
11.599481526
11.789911359
11.980341192000001
12.170771025
12.361200858
12.551630691
12.742060524
12.932490356999999
13.12292019
13.313350023
13.503779856
13.694209689
13.884639522
14.075069355
14.265499188
14.455929021
14.646358853999999
14.836788687
15.02721852
15.217648353
15.408078186
15.598508019
15.788937852
15.979367685
16.169797518
16.360227351
16.550657184000002
16.741087016999998
16.93151685
17.121946682999997
17.312376516
17.502806349
17.693236182
17.883666015
18.074095848
18.264525681000002
18.454955513999998
18.645385347
18.835815179999997
19.026245013
19.216674846
19.407104679
19.597534512
19.787964345
19.978394178000002
20.168824010999998
20.359253844
20.549683676999997
20.74011351
20.930543343
21.120973176
21.311403009
21.501832842
21.692262675
21.882692507999998
22.073122341
22.263552174
22.453982007
22.64441184
22.834841673
23.025271506
23.215701339
23.406131172
23.596561004999998
23.786990837999998
23.977420671
24.167850504
24.358280337
