# f
5.02178626
5.224550218
5.427314175999999
5.630078134
5.832842092
6.03560605
6.2383700079999995
6.441133966
6.643897924
6.846661881999999
7.04942584
7.252189798
7.454953756
7.657717714
7.860481672
8.06324563
8.266009588
8.468773546
8.671537504
8.874301462
9.07706542
9.279829377999999
9.482593336
9.685357294
9.888121252
10.09088521
10.293649168
10.496413126
10.699177083999999
10.901941042
11.104705
11.307468958
11.510232916
11.712996874
11.915760832
12.118524789999999
12.321288748
12.524052705999999
12.726816664
12.929580622
13.132344579999998
13.335108538
13.537872495999999
13.740636454
13.943400411999999
14.146164370000001
14.348928328
14.551692285999998
14.754456244
14.957220201999998
15.15998416
15.362748117999999
15.565512076000001
15.768276034
15.971039991999998
16.17380395
16.376567908
16.579331866
16.782095824
16.984859782
17.18762374
17.390387697999998
17.593151656
17.795915614
17.998679572
18.20144353
18.404207488
18.606971446
18.809735403999998
19.012499362
19.21526332
19.418027278
19.620791236
19.823555194
20.026319152
20.229083109999998
20.431847068
20.634611025999998
20.837374984
21.040138942
21.242902899999997
21.445666858
21.648430815999998
21.851194774
22.053958731999998
22.25672269
22.459486648
22.662250605999997
22.865014564
23.067778521999998
23.27054248
23.473306437999998
23.676070396
23.878834354
24.081598311999997
24.28436227
24.487126227999997
24.689890186
24.892654143999998
25.095418102
