# f
5.2403352
5.438739232
5.637143264
5.835547296
6.033951328
6.23235536
6.430759392
6.629163424
6.827567456
7.025971488
7.22437552
7.422779552
7.621183584
7.819587616
8.017991647999999
8.21639568
8.414799712
8.613203744
8.811607775999999
9.010011808
9.20841584
9.406819872
9.605223903999999
9.803627936
10.002031968
10.200436
10.398840031999999
10.597244064
10.795648096
10.994052128
11.192456159999999
11.390860192
11.589264224
11.787668256
11.986072287999999
12.18447632
12.382880352
12.581284384
12.779688415999999
12.978092448
13.17649648
13.374900512
13.573304543999999
13.771708576000002
13.970112608
14.16851664
14.366920672
14.565324704000002
14.763728736000001
14.962132768
15.1605368
15.358940832000002
15.557344864000001
15.755748896
15.954152928
16.152556960000002
16.350960992
16.549365024
16.747769056
16.946173088000002
17.14457712
17.342981152
17.541385184
17.739789216000002
17.938193248
18.13659728
18.335001312
18.533405344000002
18.731809376
18.930213408
19.12861744
19.327021472000002
19.525425504
19.723829536
19.922233568
20.120637600000002
20.319041632
20.517445664
20.715849696
20.914253728000002
21.11265776
21.311061792
21.509465824
21.707869856000002
21.906273888
22.10467792
22.303081952000003
22.501485984000002
22.699890016
22.898294048
23.09669808
23.295102112000002
23.493506144
23.691910176
23.890314208000003
24.088718240000002
24.287122272
24.485526304
24.683930336
24.882334368000002
