# f
4.03069326
4.247102178
4.4635110959999995
4.6799200139999995
4.896328931999999
5.112737849999999
5.329146767999999
5.545555686
5.761964603999999
5.978373522
6.194782439999999
6.411191358
6.627600276
6.844009194
7.060418112
7.27682703
7.493235948
7.709644866
7.926053784
8.142462702
8.358871619999999
8.575280538
8.791689456
9.008098374
9.224507292
9.440916210000001
9.657325128
9.873734046
10.090142964
10.306551882
10.5229608
10.739369717999999
10.955778636
11.172187554
11.388596472
11.605005389999999
11.821414308
12.037823226
12.254232144
12.470641062
12.68704998
12.903458898
13.119867816
13.336276734
13.552685652
13.76909457
13.985503487999999
14.201912406
14.418321324
14.634730242
14.85113916
15.067548078
15.283956996
15.500365914
15.716774832
15.93318375
16.149592668
16.366001586
16.582410504000002
16.798819422
17.01522834
17.231637258
17.448046176
17.664455093999997
17.880864012
18.097272930000003
18.313681848
18.530090766
18.746499684
18.962908602
19.179317519999998
19.395726438
19.612135356
19.828544274000002
20.044953192
20.26136211
20.477771028
20.694179946
20.910588864
21.126997782
21.3434067
21.559815618000002
21.776224536
21.992633454
22.209042372
22.42545129
22.641860208
22.858269126
23.074678044
23.291086962
23.50749588
23.723904798
23.940313716
24.156722634
24.373131552
24.58954047
24.805949388000002
25.022358306
25.238767224
25.455176142
