!OMP_NUM_THREADS description key a b 
 8 Iter3-Sample00         0     1.9345864180e-01     5.6284338727e+00 
 8 Iter3-Sample01         1     2.0830580215e-01     4.4370858773e+00 
 8 Iter3-Sample02         2     2.0276395825e-01     5.0217862565e+00 
 8 Iter3-Sample03         3     1.8500217529e-01     5.7555638883e+00 
 8 Iter3-Sample04         4     1.8287268837e-01     6.3191516023e+00 
 8 Iter3-Sample05         5     1.9205483094e-01     5.4899479670e+00 
 8 Iter3-Sample06         6     1.9780132029e-01     5.2601400362e+00 
 8 Iter3-Sample07         7     1.9561549623e-01     5.1407722703e+00 
 8 Iter3-Sample08         8     1.9891178631e-01     4.9142614197e+00 
 8 Iter3-Sample09         9     1.9465471396e-01     5.3166429043e+00 
 8 Iter3-Sample10        10     1.9936690035e-01     4.6411623493e+00 
 8 Iter3-Sample11        11     1.9840403227e-01     5.2403351968e+00 
 8 Iter3-Sample12        12     1.9476510481e-01     5.1483044831e+00 
 8 Iter3-Sample13        13     1.8970424526e-01     5.9111661866e+00 
 8 Iter3-Sample14        14     1.9042983264e-01     5.5057268684e+00 
 8 Iter3-Sample15        15     2.1640891800e-01     4.0306932591e+00 
 8 Iter3-Sample16        16     2.0637798416e-01     5.3332960434e+00 
 8 Iter3-Sample17        17     2.0991772167e-01     4.5907000118e+00 
 8 Iter3-Sample18        18     2.1483244552e-01     4.0197793630e+00 
 8 Iter3-Sample19        19     2.1041173129e-01     4.3287136244e+00 
