# f
5.14830448
5.343069585
5.53783469
5.7325997950000005
5.927364900000001
6.122130005
6.31689511
6.511660215
6.70642532
6.901190425
7.09595553
7.290720635
7.48548574
7.680250845
7.87501595
8.069781055
8.26454616
8.459311265
8.65407637
8.848841475
9.04360658
9.238371685
9.433136789999999
9.627901895
9.822667
10.017432105000001
10.21219721
10.406962315000001
10.60172742
10.796492525
10.99125763
11.186022735
11.38078784
11.575552945
11.77031805
11.965083155
12.15984826
12.354613364999999
12.54937847
12.744143574999999
12.93890868
13.133673785
13.32843889
13.523203995
13.7179691
13.912734205
14.10749931
14.302264415
14.49702952
14.691794625
14.88655973
15.081324835
15.27608994
15.470855045
15.66562015
15.860385255
16.05515036
16.249915465
16.44468057
16.639445674999997
16.83421078
17.028975885
17.22374099
17.418506094999998
17.6132712
17.808036305
18.00280141
18.197566515
18.39233162
18.587096725000002
18.78186183
18.976626935
19.17139204
19.366157145
19.560922249999997
19.755687355
19.95045246
20.145217565
20.339982669999998
20.534747775
20.72951288
20.924277985
21.119043089999998
21.313808195
21.5085733
21.703338405
21.89810351
22.092868615
22.28763372
22.482398825
22.67716393
22.871929035
23.06669414
23.261459245
23.45622435
23.650989455
23.84575456
24.040519664999998
24.23528477
24.430049874999998
