# f
5.75556389
5.9405660650000005
6.125568240000001
6.310570415000001
6.49557259
6.680574765
6.86557694
7.050579115000001
7.235581290000001
7.420583465
7.60558564
7.790587815
7.9755899900000005
8.160592165
8.34559434
8.530596515
8.71559869
8.900600865000001
9.08560304
9.270605215
9.45560739
9.640609565
9.82561174
10.010613915
10.195616090000001
10.380618264999999
10.56562044
10.750622615000001
10.93562479
11.120626965
11.30562914
11.490631315
11.67563349
11.860635665
12.045637840000001
12.230640014999999
12.41564219
12.600644365
12.78564654
12.970648715
13.15565089
13.340653065
13.525655239999999
13.710657415
13.895659590000001
14.080661764999999
14.26566394
14.450666115
14.635668290000002
14.820670465
15.00567264
15.190674815000001
15.375676989999999
15.560679165
15.74568134
15.930683514999998
16.11568569
16.300687865
16.48569004
16.670692215
16.85569439
17.040696565
17.22569874
17.410700915
17.59570309
17.780705264999998
17.96570744
18.150709615
18.33571179
18.520713965
18.70571614
18.890718315
19.07572049
19.260722665
19.44572484
19.630727014999998
19.81572919
20.000731365
20.18573354
20.370735715
20.55573789
20.740740065
20.925742239999998
21.110744415
21.29574659
21.480748765
21.66575094
21.850753115
22.03575529
22.220757465000002
22.40575964
22.590761815
22.77576399
22.960766165
23.14576834
23.330770515
23.515772690000002
23.700774865
23.88577704
24.070779215
