# f
5.3166429
5.511297614
5.7059523279999995
5.900607042
6.095261755999999
6.28991647
6.484571184
6.679225898
6.873880612
7.068535325999999
7.26319004
7.457844754
7.652499468
7.847154182
8.041808896
8.23646361
8.431118324
8.625773038
8.820427752
9.015082465999999
9.20973718
9.404391894
9.599046608
9.793701322
9.988356035999999
10.183010750000001
10.377665464
10.572320178
10.766974892
10.961629605999999
11.156284320000001
11.350939034
11.545593748
11.740248462
11.934903175999999
12.129557890000001
12.324212604
12.518867318
12.713522032
12.908176745999999
13.10283146
13.297486174
13.492140888
13.686795602
13.881450316
14.07610503
14.270759744
14.465414458
14.660069172
14.854723886
15.0493786
15.244033314
15.438688028
15.633342742
15.827997456
16.02265217
16.217306884000003
16.411961597999998
16.606616312
16.801271026000002
16.99592574
17.190580454
17.385235168
17.579889882
17.774544596
17.96919931
18.163854024000003
18.358508737999998
18.553163452
18.747818166000002
18.94247288
19.137127594
19.331782308
19.526437022
19.721091735999998
19.91574645
20.110401164000002
20.305055878
20.499710592
20.694365306
20.88902002
21.083674734
21.278329448
21.472984162000003
21.667638875999998
21.86229359
22.056948304000002
22.251603017999997
22.446257732
22.640912446
22.835567160000004
23.030221874
23.224876588
23.419531302000003
23.614186015999998
23.80884073
24.003495444000002
24.198150157999997
24.392804872
24.587459586
