# f
5.14077227
5.3363877660000005
5.532003262
5.727618758
5.9232342540000005
6.118849750000001
6.314465246
6.510080742
6.705696238
6.901311734
7.09692723
7.292542726000001
7.488158222
7.683773718
7.879389214
8.07500471
8.270620206
8.466235702
8.661851198
8.857466694
9.053082190000001
9.248697686
9.444313182
9.639928678
9.835544173999999
10.031159670000001
10.226775166
10.422390662000002
10.618006158
10.813621654
11.00923715
11.204852645999999
11.400468142000001
11.596083638
11.791699134
11.98731463
12.182930126
12.378545622
12.574161118
12.769776614000001
12.96539211
13.161007606000002
13.356623102
13.552238597999999
13.747854094000001
13.94346959
14.139085086000001
14.334700582
14.530316077999998
14.725931574
14.921547069999999
15.117162566000001
15.312778062
15.508393558000002
15.704009054
15.899624549999999
16.095240046
16.290855542
16.486471038
16.682086534
16.877702030000002
17.073317526
17.268933022
17.464548518
17.660164014
17.85577951
18.051395006
18.247010502000002
18.442625998
18.638241494
18.83385699
19.029472486
19.225087982
19.420703478
19.616318974
19.81193447
20.007549966
20.203165462
20.398780958
20.594396454
20.79001195
20.985627446
21.181242942
21.376858438
21.572473933999998
21.76808943
21.963704926
22.159320422
22.354935918
22.550551414
22.74616691
22.941782405999998
23.137397902
23.333013398
23.528628894
23.72424439
23.919859885999998
24.115475382
24.311090877999998
24.506706374
