# f
2.26653768
2.479495245
2.69245281
2.9054103749999998
3.1183679399999997
3.3313255049999997
3.5442830699999996
3.7572406349999996
3.9701981999999996
4.1831557649999995
4.39611333
4.609070895
4.82202846
5.034986025
5.24794359
5.460901155
5.67385872
5.886816285
6.09977385
6.312731415
6.52568898
6.738646545
6.95160411
7.164561675
7.37751924
7.590476805
7.80343437
8.016391935
8.2293495
8.442307065
8.65526463
8.868222195
9.08117976
9.294137325
9.50709489
9.720052455
9.93301002
10.145967585
10.358925150000001
10.571882715000001
10.784840280000001
10.997797845000001
11.21075541
11.423712975
11.63667054
11.849628105
12.06258567
12.275543235
12.4885008
12.701458365
12.91441593
13.127373495
13.34033106
13.553288625
13.76624619
13.979203755
14.19216132
14.405118885
14.61807645
14.831034015
15.04399158
15.256949145
15.46990671
15.682864275
15.89582184
16.108779405
16.32173697
16.534694535
16.7476521
16.960609665
17.17356723
17.386524795
17.59948236
17.812439925
18.02539749
18.238355055
18.45131262
18.664270185
18.87722775
19.090185315
19.30314288
19.516100445
19.72905801
19.942015575
20.15497314
20.367930705
20.58088827
20.793845835
21.0068034
21.219760965
21.43271853
21.645676095
21.85863366
22.071591225
22.28454879
22.497506355
22.71046392
22.923421485
23.13637905
23.349336615
