# f
4.40387157
4.615942356
4.828013142
5.040083928
5.252154714
5.4642254999999995
5.6762962859999995
5.888367071999999
6.100437857999999
6.312508643999999
6.524579429999999
6.736650215999999
6.948721002
7.160791788
7.372862574
7.58493336
7.797004146
8.009074932
8.221145717999999
8.433216504
8.645287289999999
8.857358076
9.069428861999999
9.281499648
9.493570434
9.70564122
9.917712006
10.129782792
10.341853578
10.553924364
10.76599515
10.978065936
11.190136722
11.402207508
11.614278294
11.82634908
12.038419866
12.250490652
12.462561438
12.674632224
12.88670301
13.098773796
13.310844582
13.522915368
13.734986154
13.94705694
14.159127726
14.371198512
14.583269298000001
14.795340084000001
15.007410870000001
15.219481656000001
15.431552442000001
15.643623228000001
15.855694014000001
16.0677648
16.279835586
16.491906372000003
16.703977158
16.916047944
17.12811873
17.340189516000002
17.552260302
17.764331088
17.976401874
18.188472660000002
18.400543446
18.612614232
18.824685018
19.036755804000002
19.24882659
19.460897376
19.672968162
19.885038948000002
20.097109734
20.309180519999998
20.521251306
20.733322092
20.945392878
21.157463664
21.36953445
21.581605236
21.793676022
22.005746808
22.217817594
22.42988838
22.641959166
22.854029952
23.066100738
23.278171524
23.49024231
23.702313096
23.914383882
24.126454668
24.338525454
24.55059624
24.762667026000003
24.974737812
25.186808598000002
25.398879384
