# f
1.08038922
1.363455388
1.6465215560000002
1.9295877240000001
2.212653892
2.49572006
2.7787862280000004
3.061852396
3.3449185640000003
3.627984732
3.9110509
4.194117068
4.477183236
4.7602494040000005
5.043315572
5.3263817399999995
5.609447908
5.892514076
6.175580244
6.458646412
6.74171258
7.024778748
7.307844916
7.590911084
7.873977252
8.15704342
8.440109588
8.723175756
9.006241924000001
9.289308092
9.57237426
9.855440428000001
10.138506596000001
10.421572764
10.704638932000002
10.987705100000001
11.270771268
11.553837436
11.836903604000002
12.119969772000001
12.40303594
12.686102108000002
12.969168276000001
13.252234444
13.535300612
13.818366780000002
14.101432948000001
14.384499116
14.667565284000002
14.950631452000001
15.233697620000001
15.516763788
15.799829956000002
16.082896124
16.365962292
16.64902846
16.932094628
17.215160796000003
17.498226964
17.781293132000002
18.0643593
18.347425468
18.630491636000002
18.913557804
19.196623972
19.479690140000002
19.762756308
20.045822476
20.328888644000003
20.611954812
20.89502098
21.178087148
21.461153316
21.744219484000002
22.027285652
22.31035182
22.593417988000002
22.876484156
23.159550324
23.442616492000003
23.72568266
24.008748828
24.291814996000003
24.574881164
24.857947332000002
25.1410135
25.424079668
25.707145836000002
25.990212004
26.273278172
26.556344340000003
26.839410508
27.122476676
27.405542844000003
27.688609012
27.971675180000002
28.254741348000003
28.537807516
28.820873684000002
29.103939852
