# f
0.944203854
1.220390733
1.4965776119999998
1.772764491
2.04895137
2.325138249
2.601325128
2.877512007
3.153698886
3.429885765
3.706072644
3.9822595229999997
4.258446402000001
4.534633281
4.8108201600000005
5.0870070389999995
5.363193918
5.639380796999999
5.915567676
6.191754554999999
6.467941434
6.744128312999999
7.020315192
7.296502070999999
7.57268895
7.848875829000001
8.125062708
8.401249587
8.677436466
8.953623344999999
9.229810224
9.505997102999999
9.782183982
10.058370861
10.33455774
10.610744619
10.886931498
11.163118377
11.439305255999999
11.715492135
11.991679013999999
12.267865893
12.544052771999999
12.820239651
13.096426529999999
13.372613409
13.648800287999999
13.924987167
14.201174046
14.477360925
14.753547804
15.029734683
15.305921562
15.582108440999999
15.85829532
16.134482199
16.410669078
16.686855957
16.963042836
17.239229715
17.515416594
17.791603473000002
18.067790352
18.343977231
18.62016411
18.896350989000002
19.172537868000003
19.448724747
19.724911626
20.001098505
20.277285384000002
20.553472263
20.829659142
21.105846021
21.382032900000002
21.658219779
21.934406658
22.210593537
22.486780416000002
22.762967295
23.039154174
23.315341053
23.591527932
23.867714811000003
24.14390169
24.420088569
24.696275448
24.972462327000002
25.248649206
25.524836085
25.801022964
26.077209843000002
26.353396722
26.629583601
26.90577048
27.181957359000002
27.458144238000003
27.734331117
28.010517996
28.286704875
