# f
5.82567406
6.0082369479999995
6.190799836
6.373362724
6.555925612
6.7384885
6.921051388
7.103614276
7.286177164
7.468740052
7.65130294
7.833865828
8.016428716
8.198991604
8.381554492
8.564117379999999
8.746680268
8.929243156
9.111806044
9.294368932
9.47693182
9.659494708
9.842057596
10.024620484
10.207183372
10.389746259999999
10.572309148
10.754872036
10.937434924
11.119997812000001
11.3025607
11.485123588
11.667686476
11.850249364
12.032812252
12.215375139999999
12.397938028
12.580500916
12.763063804
12.945626692000001
13.12818958
13.310752468
13.493315356
13.675878244
13.858441132
14.041004019999999
14.223566907999999
14.406129796000002
14.588692684000002
14.771255572000001
14.95381846
15.136381348
15.318944236
15.501507124
15.684070012
15.866632899999999
16.049195788
16.231758676000002
16.414321564
16.596884452
16.77944734
16.962010228
17.144573116
17.327136004
17.509698892
17.69226178
17.874824668
18.057387556000002
18.239950444
18.422513332
18.60507622
18.787639108
18.970201996
19.152764884
19.335327772
19.51789066
19.700453548
19.883016436000002
20.065579324
20.248142212
20.4307051
20.613267988
20.795830876
20.978393764
21.160956652
21.34351954
21.526082428
21.708645316000002
21.891208204
22.073771092
22.25633398
22.438896868
22.621459756
22.804022644
22.986585532000003
23.169148420000003
23.351711308000002
23.534274196000002
23.716837084
23.899399972
