# f
4.95456255
5.148594556
5.342626562
5.536658568
5.7306905740000005
5.92472258
6.1187545860000006
6.312786592
6.506818598000001
6.700850604
6.894882610000001
7.088914616
7.282946622000001
7.476978628
7.671010634
7.86504264
8.059074646000001
8.253106652
8.447138658
8.641170664
8.835202670000001
9.029234676000002
9.223266682
9.417298688
9.611330694
9.8053627
9.999394706
10.193426712
10.387458718000001
10.581490724000002
10.77552273
10.969554736000001
11.163586742
11.357618748
11.551650754
11.745682760000001
11.939714766000002
12.133746772
12.327778778
12.521810784
12.71584279
12.909874796
13.103906802000001
13.297938808000001
13.491970814
13.68600282
13.880034826000001
14.074066832000002
14.268098838
14.462130844
14.656162850000001
14.850194856
15.044226862
15.238258868
15.432290874000001
15.62632288
15.820354886
16.014386892
16.208418898
16.402450904
16.59648291
16.790514916
16.984546922
17.178578928
17.372610934
17.56664294
17.760674946
17.954706952000002
18.148738958000003
18.342770964000003
18.53680297
18.730834976
18.924866982
19.118898988
19.312930994
19.506963
19.700995006
19.895027012
20.089059018
20.283091024
20.47712303
20.671155036000002
20.865187042000002
21.059219048000003
21.253251054000003
21.447283060000004
21.641315066000004
21.835347071999998
22.029379077999998
22.223411084
22.41744309
22.611475096
22.805507102
22.999539108
23.193571114
23.38760312
23.581635126000002
23.775667132000002
23.969699138000003
24.163731144000003
