# f
6.91961621
7.092444632
7.265273054
7.438101476
7.610929898
7.7837583200000005
7.956586742
8.129415164000001
8.302243586
8.475072008
8.64790043
8.820728852
8.993557274
9.166385696
9.339214118000001
9.51204254
9.684870962
9.857699384
10.030527806
10.203356228
10.37618465
10.549013072000001
10.721841494
10.894669916
11.067498338
11.24032676
11.413155182
11.585983603999999
11.758812026000001
11.931640448
12.104468870000002
12.277297292
12.450125714
12.622954136
12.795782557999999
12.968610980000001
13.141439402
13.314267824000002
13.487096246
13.659924668
13.83275309
14.005581512
14.178409934000001
14.351238356
14.524066778000002
14.6968952
14.869723622
15.042552044
15.215380466
15.388208888000001
15.56103731
15.733865732000002
15.906694154
16.079522576000002
16.252350998
16.42517942
16.598007842
16.770836264
16.943664686
17.116493108
17.289321530000002
17.462149952
17.634978374
17.807806796
17.980635218
18.153463640000002
18.326292062
18.499120484000002
18.671948906
18.844777328
19.01760575
19.190434172
19.363262594000002
19.536091016
19.708919438000002
19.88174786
20.054576282
20.227404704
20.400233126
20.573061548000002
20.74588997
20.918718392000002
21.091546814
21.264375236
21.437203658
21.61003208
21.782860502000002
21.955688924
22.128517346000002
22.301345768
22.47417419
22.647002612
22.819831034
22.992659456000002
23.165487878
23.338316300000002
23.511144722
23.683973144000003
23.856801566
24.029629988000003
