# f
5.83573701
6.01110166
6.18646631
6.36183096
6.5371956099999995
6.71256026
6.88792491
7.063289559999999
7.23865421
7.4140188600000005
7.58938351
7.76474816
7.9401128100000005
8.115477460000001
8.29084211
8.46620676
8.641571410000001
8.81693606
8.99230071
9.16766536
9.34303001
9.51839466
9.69375931
9.86912396
10.04448861
10.21985326
10.39521791
10.57058256
10.74594721
10.92131186
11.09667651
11.27204116
11.44740581
11.62277046
11.79813511
11.97349976
12.148864410000002
12.32422906
12.49959371
12.674958360000002
12.85032301
13.02568766
13.201052310000001
13.37641696
13.551781609999999
13.727146260000001
13.90251091
14.077875559999999
14.253240210000001
14.42860486
14.603969509999999
14.779334160000001
14.95469881
15.130063459999999
15.305428110000001
15.48079276
15.656157409999999
15.831522060000001
16.00688671
16.182251360000002
16.35761601
16.53298066
16.708345310000002
16.88370996
17.05907461
17.234439260000002
17.40980391
17.58516856
17.760533210000002
17.93589786
18.11126251
18.286627160000002
18.46199181
18.63735646
18.812721110000002
18.98808576
19.16345041
19.33881506
19.51417971
19.68954436
19.86490901
20.04027366
20.21563831
20.39100296
20.56636761
20.74173226
20.91709691
21.09246156
21.26782621
21.44319086
21.61855551
21.793920160000003
21.96928481
22.14464946
22.32001411
22.49537876
22.67074341
22.84610806
23.02147271
23.19683736
