# f
5.31863833
5.526360287999999
5.734082246
5.941804203999999
6.149526162
6.3572481199999995
6.564970078
6.772692036
6.980413994
7.188135952
7.39585791
7.603579868
7.811301825999999
8.019023784
8.226745742
8.434467699999999
8.642189658
8.849911616
9.057633574
9.265355532000001
9.47307749
9.680799448
9.888521405999999
10.096243364
10.303965322
10.51168728
10.719409238
10.927131196000001
11.134853154
11.342575112
11.55029707
11.758019028
11.965740986
12.173462944
12.381184902000001
12.58890686
12.796628818
13.004350775999999
13.212072734
13.419794692
13.62751665
13.835238608000001
14.042960566000001
14.250682524000002
14.458404481999999
14.66612644
14.873848398
15.081570356
15.289292314
15.497014272000001
15.704736230000002
15.912458187999999
16.120180146
16.327902104
16.535624062
16.74334602
16.951067978
17.158789936
17.366511894000002
17.574233852
17.78195581
17.989677768
18.197399726
18.405121684
18.612843642
18.820565600000002
19.028287558
19.236009516
19.443731474
19.651453432
19.85917539
20.066897348
20.274619306
20.482341264000002
20.690063222
20.89778518
21.105507138
21.313229096
21.520951054
21.728673012
21.93639497
22.144116928
22.351838886
22.559560844
22.767282802
22.97500476
23.182726718
23.390448676
23.598170634
23.805892592
24.01361455
24.221336508
24.429058466
24.636780424
24.844502382
25.05222434
25.259946298
25.467668256
25.675390214
25.883112172
