# f
6.22911831
6.418158482
6.607198653999999
6.796238826
6.985278998
7.1743191699999995
7.363359342
7.552399513999999
7.741439686
7.930479858
8.11952003
8.308560201999999
8.497600374
8.686640546
8.875680718
9.06472089
9.253761061999999
9.442801234
9.631841406
9.820881578
10.00992175
10.198961921999999
10.388002094
10.577042266
10.766082438
10.95512261
11.144162781999999
11.333202954
11.522243126
11.711283298
11.90032347
12.089363641999999
12.278403814
12.467443986
12.656484158
12.84552433
13.034564501999998
13.223604674
13.412644846
13.601685018
13.79072519
13.979765362
14.168805534
14.357845705999999
14.546885878000001
14.73592605
14.924966221999998
15.114006394
15.303046565999999
15.492086738000001
15.68112691
15.870167081999998
16.059207254
16.248247426
16.437287598
16.62632777
16.815367942
17.004408114
17.193448286
17.382488458
17.57152863
17.760568802
17.949608974
18.138649146
18.327689318
18.51672949
18.705769662
18.894809834
19.083850006
19.272890178
19.46193035
19.650970522
19.840010694
20.029050866
20.218091038
20.40713121
20.596171382
20.785211554
20.974251726
21.163291898
21.35233207
21.541372242
21.730412414
21.919452586
22.108492758
22.297532930000003
22.486573102
22.675613274
22.864653446000002
23.053693618
23.242733790000003
23.431773962
23.620814134
23.809854306000002
23.998894478
24.187934650000003
24.376974822
24.566014994
24.755055166
24.944095338
