# f
6.40345188
6.555109135
6.70676639
6.858423645
7.0100809
7.161738155
7.31339541
7.465052665
7.61670992
7.768367175
7.92002443
8.071681685
8.22333894
8.374996195
8.526653450000001
8.678310705000001
8.829967960000001
8.981625215000001
9.133282470000001
9.284939725000001
9.436596980000001
9.588254235
9.73991149
9.891568745
10.043226
10.194883255
10.34654051
10.498197765
10.64985502
10.801512275
10.95316953
11.104826785
11.25648404
11.408141295
11.55979855
11.711455805
11.86311306
12.014770315
12.16642757
12.318084825
12.46974208
12.621399335
12.77305659
12.924713845
13.0763711
13.228028355
13.37968561
13.531342865
13.683000119999999
13.834657374999999
13.986314629999999
14.137971884999999
14.289629139999999
14.441286395
14.59294365
14.744600905
14.89625816
15.047915415
15.19957267
15.351229925
15.50288718
15.654544435
15.80620169
15.957858945
16.1095162
16.261173454999998
16.41283071
16.564487964999998
16.71614522
16.867802474999998
17.01945973
17.171116984999998
17.32277424
17.474431494999997
17.62608875
17.777746004999997
17.92940326
18.081060514999997
18.23271777
18.384375024999997
18.53603228
18.687689535
18.83934679
18.991004045
19.1426613
19.294318555
19.44597581
19.597633065
19.74929032
19.900947575
20.05260483
20.204262085
20.35591934
20.507576595
20.65923385
20.810891105
20.96254836
21.114205615
21.26586287
21.417520125
