# f
4.77268145
5.002062769
5.231444088
5.460825407000001
5.690206726
5.919588045
6.148969364
6.378350683000001
6.6077320020000005
6.837113321
7.06649464
7.295875959
7.525257278
7.7546385970000005
7.984019916
8.213401235000001
8.442782554
8.672163873
8.901545192
9.130926511
9.36030783
9.589689149000002
9.819070468
10.048451787000001
10.277833106
10.507214425
10.736595744
10.965977063
11.195358382
11.424739701
11.654121020000002
11.883502339
12.112883658000001
12.342264977
12.571646296
12.801027615
13.030408934
13.259790253
13.489171572
13.718552891
13.94793421
14.177315529
14.406696848000001
14.636078167
14.865459486
15.094840805
15.324222124
15.553603443
15.782984762
16.012366081
16.2417474
16.471128719
16.700510038
16.929891357000002
17.159272676
17.388653995
17.618035314
17.847416633
18.076797952
18.306179270999998
18.535560590000003
18.764941909
18.994323228
19.223704547
19.453085866000002
19.682467185
19.911848503999998
20.141229823
20.370611142
20.599992461
20.82937378
21.058755099
21.288136418
21.517517737
21.746899056
21.976280375
22.205661694
22.435043013
22.664424332
22.893805651
23.12318697
23.352568289
23.581949608
23.811330927
24.040712246000002
24.270093565
24.499474884
24.728856203
24.958237522
25.187618841
25.41700016
25.646381479
25.875762798
26.105144117000002
26.334525436
26.563906755
26.793288074
27.022669393
27.252050712
27.481432031
