# f
3.30000336
3.553029976
3.806056592
4.059083208
4.312109824
4.56513644
4.8181630559999995
5.071189671999999
5.324216288
5.577242904
5.83026952
6.0832961359999995
6.336322751999999
6.589349368
6.842375983999999
7.0954026
7.3484292159999995
7.601455831999999
7.854482448
8.107509063999998
8.36053568
8.613562296
8.866588912
9.119615528
9.372642144
9.62566876
9.878695376
10.131721992
10.384748607999999
10.637775223999999
10.890801839999998
11.143828456
11.396855072
11.649881687999999
11.902908303999999
12.15593492
12.408961536
12.661988152
12.915014767999999
13.168041383999999
13.421068
13.674094616
13.927121232
14.180147847999999
14.433174463999999
14.686201079999998
14.939227696
15.192254312
15.445280927999999
15.698307543999999
15.951334159999998
16.204360776
16.457387392
16.710414008
16.963440624
17.21646724
17.469493856
17.722520472
17.975547088
18.228573704
18.48160032
18.734626935999998
18.987653551999998
19.240680167999997
19.493706783999997
19.746733399999997
19.999760015999996
20.252786631999996
20.505813247999995
20.758839863999995
21.011866480000002
21.264893096
21.517919712
21.770946328
22.023972944
22.27699956
22.530026176
22.783052792
23.036079408
23.289106024
23.54213264
23.795159255999998
24.048185871999998
24.301212487999997
24.554239103999997
24.807265719999997
25.060292335999996
25.313318951999996
25.566345567999996
25.819372183999995
26.072398799999995
26.325425416
26.578452032
26.831478648
27.084505264
27.33753188
27.590558496
27.843585112
28.096611728
28.349638344
