# f
4.95126118
5.149061389000001
5.346861598
5.544661807000001
5.742462016
5.940262225000001
6.138062434
6.3358626430000005
6.533662852000001
6.731463061
6.92926327
7.127063479
7.324863688000001
7.522663897000001
7.7204641060000005
7.918264315
8.116064524
8.313864733
8.511664942
8.709465151
8.90726536
9.105065569
9.302865778000001
9.500665987000001
9.698466196000002
9.896266405
10.094066614
10.291866823
10.489667032
10.687467241
10.88526745
11.083067659000001
11.280867868000001
11.478668077000002
11.676468286
11.874268495
12.072068704
12.269868913
12.467669122
12.665469331
12.863269540000001
13.061069749000001
13.258869958000002
13.456670167000002
13.654470375999999
13.852270585
14.050070794
14.247871003
14.445671212
14.643471421000001
14.841271630000001
15.039071839000002
15.236872048000002
15.434672256999999
15.632472466
15.830272675
16.028072884
16.225873093
16.423673302
16.621473511
16.81927372
17.017073929000002
17.214874138
17.412674347
17.610474556
17.808274765
18.006074974
18.203875183
18.401675392
18.599475601
18.797275810000002
18.995076019
19.192876228
19.390676437
19.588476646
19.786276855
19.984077064
20.181877273
20.379677482
20.577477691000002
20.7752779
20.973078109
21.170878318
21.368678527
21.566478736
21.764278945
21.962079154
22.159879362999998
22.357679572
22.555479781
22.75327999
22.951080199
23.148880408
23.346680617
23.544480826
23.742281035
23.940081244
24.137881453
24.335681662
24.533481871
