# f
1.42468201
1.667810495
1.91093898
2.154067465
2.39719595
2.640324435
2.88345292
3.126581405
3.36970989
3.612838375
3.8559668599999997
4.099095345
4.34222383
4.585352315
4.8284808
5.071609285
5.31473777
5.5578662549999995
5.80099474
6.044123225
6.28725171
6.530380195
6.77350868
7.016637165
7.25976565
7.502894135
7.74602262
7.9891511049999995
8.232279590000001
8.475408075
8.71853656
8.961665045
9.20479353
9.447922015
9.6910505
9.934178984999999
10.17730747
10.420435955
10.66356444
10.906692925
11.14982141
11.392949895
11.63607838
11.879206865
12.12233535
12.365463835
12.60859232
12.851720805
13.09484929
13.337977775
13.58110626
13.824234745
14.06736323
14.310491715
14.5536202
14.796748685
15.03987717
15.283005655
15.52613414
15.769262625
16.01239111
16.255519595000003
16.498648080000002
16.741776565000002
16.984905050000002
17.228033535
17.47116202
17.714290505
17.95741899
18.200547475
18.44367596
18.686804445000003
18.929932930000003
19.173061415000003
19.416189900000003
19.659318385000002
19.902446870000002
20.145575355000002
20.38870384
20.631832325
20.87496081
21.118089295
21.36121778
21.604346265
21.847474750000003
22.090603235000003
22.333731720000003
22.576860205000003
22.819988690000002
23.063117175000002
23.306245660000002
23.549374145
23.79250263
24.035631115
24.2787596
24.521888085
24.765016570000004
25.008145055000004
25.251273540000003
25.494402025000003
