!OMP_NUM_THREADS description key a b 
 8 Iter2-Sample00         0     1.8904017184e-01     6.2291183104e+00 
 8 Iter2-Sample01         1     2.5302661624e-01     3.3000033614e+00 
 8 Iter2-Sample02         2     2.2938131898e-01     4.7726814486e+00 
 8 Iter2-Sample03         3     1.5165725504e-01     6.4034518811e+00 
 8 Iter2-Sample04         4     1.4314809368e-01     7.8875694974e+00 
 8 Iter2-Sample05         5     1.8256288753e-01     5.8256740634e+00 
 8 Iter2-Sample06         6     2.0772195847e-01     5.3186383309e+00 
 8 Iter2-Sample07         7     1.9780020905e-01     4.9512611793e+00 
 8 Iter2-Sample08         8     2.1207078618e-01     4.4038715748e+00 
 8 Iter2-Sample09         9     1.9382762530e-01     5.4084287326e+00 
 8 Iter2-Sample10        10     2.1362962042e-01     3.6731069827e+00 
 8 Iter2-Sample11        11     2.1036804391e-01     5.2771040095e+00 
 8 Iter2-Sample12        12     1.9403200565e-01     4.9545625531e+00 
 8 Iter2-Sample13        13     1.7282842169e-01     6.9196162094e+00 
 8 Iter2-Sample14        14     1.7536465048e-01     5.8357370097e+00 
 8 Iter2-Sample15        15     2.8306616834e-01     1.0803892208e+00 
 8 Iter2-Sample16        16     2.1295756477e-01     2.2665376767e+00 
 8 Iter2-Sample17        17     2.4312848494e-01     1.4246820068e+00 
 8 Iter2-Sample18        18     2.7618687912e-01     9.4420385413e-01 
 8 Iter2-Sample19        19     2.5037867215e-01     1.0702902439e+00 
