# f
5.40842873
5.602256355
5.79608398
5.989911605
6.18373923
6.3775668549999995
6.57139448
6.765222104999999
6.95904973
7.152877354999999
7.34670498
7.540532604999999
7.73436023
7.928187855
8.12201548
8.315843104999999
8.50967073
8.703498355
8.89732598
9.091153604999999
9.28498123
9.478808855
9.67263648
9.866464104999999
10.06029173
10.254119355
10.447946980000001
10.641774605
10.83560223
11.029429855
11.223257480000001
11.417085105
11.610912729999999
11.804740355
11.99856798
12.192395605
12.386223229999999
12.580050855
12.77387848
12.967706105
13.161533729999999
13.355361355
13.54918898
13.743016605000001
13.936844229999998
14.130671855
14.32449948
14.518327105000001
14.712154730000002
14.905982354999999
15.09980998
15.293637605
15.487465230000002
15.681292854999999
15.87512048
16.068948105
16.26277573
16.456603355
16.65043098
16.844258605
17.03808623
17.231913855
17.42574148
17.619569105
17.81339673
18.007224355
18.20105198
18.394879605
18.58870723
18.782534855
18.97636248
19.170190105
19.36401773
19.557845355
19.75167298
19.945500605
20.13932823
20.333155855
20.52698348
20.720811105
20.91463873
21.108466355
21.30229398
21.496121605000003
21.68994923
21.883776855
22.07760448
22.271432105000002
22.46525973
22.659087355
22.85291498
23.046742605000002
23.24057023
23.434397855
23.62822548
23.822053105000002
24.015880730000003
24.209708355
24.40353598
24.597363605
