# f
1.07029024
1.3206689120000001
1.571047584
1.821426256
2.071804928
2.3221836000000002
2.572562272
2.822940944
3.073319616
3.323698288
3.57407696
3.8244556320000003
4.074834304
4.325212976
4.5755916480000005
4.825970320000001
5.076348992000001
5.326727664000001
5.577106336000001
5.827485008000001
6.077863680000001
6.328242352000001
6.578621024000001
6.828999696000001
7.079378368
7.3297570400000005
7.580135712000001
7.830514384000001
8.080893056
8.331271728
8.581650400000001
8.832029072000001
9.082407744000001
9.332786416000001
9.583165088000001
9.833543760000001
10.083922432000001
10.334301104000001
10.584679776000002
10.835058448000002
11.085437120000002
11.335815792000002
11.586194464000002
11.836573136000002
12.086951808000002
12.337330480000002
12.587709152000002
12.838087824000002
13.088466496
13.338845168
13.58922384
13.839602512
14.089981184
14.340359856000001
14.590738528000001
14.841117200000001
15.091495872000001
15.341874544000001
15.592253216000001
15.842631888000001
16.09301056
16.343389232
16.593767904
16.844146576
17.094525248
17.34490392
17.595282592
17.845661264
18.096039936
18.346418608
18.59679728
18.847175952
19.097554624
19.347933296
19.598311968
19.84869064
20.099069312
20.349447984
20.599826656
20.850205328
21.100584
21.350962672
21.601341344
21.851720016
22.102098688
22.35247736
22.602856032000002
22.853234704000002
23.103613376000002
23.353992048000002
23.604370720000002
23.854749392000002
24.105128064000002
24.355506736000002
24.605885408000002
24.856264080000003
25.106642752
25.357021424
25.607400096
25.857778768
