# f
7.8875695
8.030717594
8.173865688
8.317013782
8.460161875999999
8.60330997
8.746458064
8.889606158
9.032754252
9.175902345999999
9.31905044
9.462198533999999
9.605346628
9.748494722
9.891642816
10.03479091
10.177939003999999
10.321087098
10.464235192
10.607383286
10.75053138
10.893679473999999
11.036827568
11.179975662
11.323123756
11.46627185
11.609419943999999
11.752568038
11.895716132
12.038864226
12.18201232
12.325160413999999
12.468308508
12.611456602
12.754604696
12.89775279
13.040900884
13.184048978
13.327197072
13.470345166
13.61349326
13.756641354
13.899789448
14.042937542
14.186085636
14.329233729999999
14.472381824
14.615529918
14.758678012
14.901826106
15.044974199999999
15.188122294
15.331270388
15.474418482
15.617566576
15.760714669999999
15.903862764
16.047010858
16.190158951999997
16.333307046
16.47645514
16.619603234
16.762751328
16.905899421999997
17.049047516
17.19219561
17.335343704
17.478491798
17.621639891999997
17.764787986
17.90793608
18.051084174
18.194232268
18.337380361999998
18.480528456000002
18.62367655
18.766824644
18.909972738
19.053120831999998
19.196268926000002
19.33941702
19.482565114
19.625713208
19.768861301999998
19.912009396000002
20.05515749
20.198305584
20.341453678
20.484601771999998
20.627749866000002
20.77089796
20.914046054
21.057194148
21.200342241999998
21.343490336000002
21.48663843
21.629786524
21.772934618
21.916082711999998
22.059230806000002
