# f
5.27710401
5.487472054
5.697840098
5.908208142
6.118576186
6.32894423
6.539312274
6.749680318
6.960048362
7.170416406
7.38078445
7.591152494000001
7.801520538
8.011888582000001
8.222256626
8.432624670000001
8.642992714
8.853360758
9.063728802
9.274096846
9.484464890000002
9.694832934
9.905200978
10.115569022
10.325937066000002
10.53630511
10.746673154
10.957041198
11.167409242000002
11.377777286
11.58814533
11.798513374
12.008881418000001
12.219249462
12.429617506
12.63998555
12.850353594000001
13.060721638
13.271089682
13.481457726
13.691825770000001
13.902193814
14.112561858000001
14.322929902
14.533297946000001
14.74366599
14.954034034000001
15.164402078
15.374770122000001
15.585138166
15.795506210000001
16.005874254
16.216242298
16.426610342
16.636978386000003
16.84734643
17.057714474
17.268082518
17.478450562
17.688818605999998
17.89918665
18.109554694
18.319922738000002
18.530290782
18.740658826
18.95102687
19.161394914
19.371762958
19.582131002
19.792499046000003
20.002867090000002
20.213235134
20.423603178
20.633971222
20.844339266
21.05470731
21.265075354
21.475443398000003
21.685811442000002
21.896179486
22.10654753
22.316915574
22.527283618
22.737651661999998
22.948019706000004
23.158387750000003
23.368755794000002
23.579123838
23.789491882
23.999859926
24.21022797
24.420596013999997
24.630964058000004
24.841332102000003
25.051700146
25.26206819
25.472436234
25.682804278
25.893172321999998
26.103540366000004
