# f
3.67310698
3.8867366
4.10036622
4.3139958400000005
4.52762546
4.74125508
4.9548847
5.16851432
5.38214394
5.59577356
5.80940318
6.023032799999999
6.23666242
6.45029204
6.66392166
6.8775512800000005
7.0911808999999995
7.30481052
7.51844014
7.73206976
7.94569938
8.159329
8.372958619999999
8.586588240000001
8.80021786
9.013847479999999
9.2274771
9.44110672
9.65473634
9.86836596
10.081995580000001
10.2956252
10.509254819999999
10.72288444
10.93651406
11.15014368
11.3637733
11.57740292
11.79103254
12.00466216
12.21829178
12.4319214
12.64555102
12.85918064
13.072810259999999
13.28643988
13.5000695
13.71369912
13.92732874
14.140958359999999
14.35458798
14.568217599999999
14.78184722
14.99547684
15.20910646
15.42273608
15.636365699999999
15.84999532
16.06362494
16.27725456
16.490884180000002
16.7045138
16.91814342
17.13177304
17.345402659999998
17.55903228
17.7726619
17.98629152
18.19992114
18.41355076
18.62718038
18.840809999999998
19.05443962
19.26806924
19.48169886
19.69532848
19.9089581
20.12258772
20.33621734
20.54984696
20.76347658
20.977106199999998
21.19073582
21.40436544
21.61799506
21.83162468
22.0452543
22.25888392
22.472513539999998
22.68614316
22.89977278
23.1134024
23.32703202
23.54066164
23.75429126
23.967920879999998
24.1815505
24.39518012
24.608809739999998
24.82243936
