# f
2.56536243
2.69936333
2.83336423
2.96736513
3.10136603
3.23536693
3.36936783
3.50336873
3.6373696300000002
3.77137053
3.9053714299999998
4.03937233
4.17337323
4.30737413
4.44137503
4.57537593
4.70937683
4.84337773
4.9773786300000005
5.111379530000001
5.24538043
5.37938133
5.5133822299999995
5.64738313
5.78138403
5.91538493
6.04938583
6.1833867300000005
6.317387630000001
6.45138853
6.585389429999999
6.7193903299999995
6.85339123
6.98739213
7.12139303
7.25539393
7.3893948300000005
7.523395730000001
7.657396630000001
7.791397529999999
7.9253984299999995
8.05939933
8.19340023
8.32740113
8.46140203
8.59540293
8.72940383
8.863404730000001
8.997405630000001
9.13140653
9.26540743
9.39940833
9.53340923
9.66741013
9.80141103
9.93541193
10.069412830000001
10.203413730000001
10.33741463
10.47141553
10.60541643
10.73941733
10.87341823
11.00741913
11.14142003
11.275420930000001
11.409421830000001
11.543422730000001
11.677423630000002
11.81142453
11.94542543
12.07942633
12.21342723
12.34742813
12.481429030000001
12.615429930000001
12.749430830000001
12.883431730000002
13.01743263
13.15143353
13.28543443
13.41943533
13.55343623
13.687437130000001
13.821438030000001
13.955438930000001
14.089439830000002
14.22344073
14.35744163
14.49144253
14.62544343
14.759444330000001
14.893445230000001
15.027446130000001
15.161447030000001
15.295447930000002
15.429448830000002
15.56344973
15.69745063
15.83145153
