# f
5.33168532
5.678538532
6.025391744
6.372244956
6.719098168
7.0659513800000004
7.4128045920000005
7.759657804
8.106511016
8.453364228
8.80021744
9.147070652
9.493923864
9.840777076
10.187630288000001
10.5344835
10.881336712
11.228189924
11.575043136000001
11.921896348
12.26874956
12.615602772
12.962455984000002
13.309309196000001
13.656162408
14.003015620000001
14.349868832
14.696722044000001
15.043575256
15.390428468000001
15.73728168
16.084134892
16.430988104
16.777841316
17.124694528
17.47154774
17.818400952
18.165254164
18.512107376000003
18.858960588000002
19.2058138
19.552667012
19.899520224
20.246373436
20.593226648
20.94007986
21.286933072000004
21.633786284000003
21.980639496000002
22.327492708
22.67434592
23.021199132
23.368052344
23.714905555999998
24.061758768000004
24.408611980000003
24.755465192000003
25.102318404000002
25.449171616
25.796024828
26.14287804
26.489731252
26.836584464000005
27.183437676000004
27.530290888000003
27.877144100000002
28.223997312
28.570850524
28.917703736
29.264556948
29.61141016
29.958263372000005
30.305116584000004
30.651969796000003
30.998823008000002
31.34567622
31.692529432
32.039382644
32.386235856
32.733089068000005
33.079942280000004
33.426795492000004
33.773648704
34.120501916
34.467355128
34.81420834
35.161061552
35.507914764
35.854767976000005
36.201621188000004
36.5484744
36.895327612
37.242180824
37.589034036
37.935887248
38.28274046
38.629593672
38.976446884
39.323300096
39.670153308
