# f
1.47102099
1.654759786
1.838498582
2.022237378
2.205976174
2.38971497
2.573453766
2.757192562
2.9409313580000003
3.1246701540000004
3.30840895
3.492147746
3.675886542
3.8596253380000003
4.043364134
4.22710293
4.410841726
4.594580522
4.778319318
4.9620581139999995
5.14579691
5.329535706
5.513274502
5.697013298
5.880752094
6.06449089
6.248229686
6.431968482
6.615707278
6.7994460740000005
6.9831848700000005
7.166923666000001
7.350662462000001
7.534401258000001
7.718140054000001
7.901878850000001
8.085617646000001
8.269356442000001
8.453095238
8.636834034
8.82057283
9.004311626
9.188050422
9.371789218
9.555528014
9.73926681
9.923005606
10.106744402
10.290483198
10.474221994
10.65796079
10.841699586
11.025438382
11.209177178000001
11.392915974
11.57665477
11.760393566
11.944132362
12.127871158
12.311609954
12.49534875
12.679087546
12.862826342
13.046565138
13.230303934
13.41404273
13.597781526
13.781520322
13.965259118
14.148997914
14.33273671
14.516475506
14.700214302000001
14.883953098000001
15.067691894000001
15.25143069
15.435169486
15.618908282
15.802647078
15.986385874
16.17012467
16.353863466
16.537602262
16.721341058
16.905079854
17.08881865
17.272557446
17.456296242
17.640035038
17.823773834
18.00751263
18.191251426
18.374990222
18.558729018
18.742467814
18.92620661
19.109945406
19.293684202
19.477422998
19.661161794
