# f
0.754387015
1.045544529
1.336702043
1.627859557
1.919017071
2.210174585
2.501332099
2.792489613
3.083647127
3.374804641
3.665962155
3.957119669
4.248277183
4.539434697
4.830592211
5.121749725
5.412907239
5.704064753
5.995222267
6.286379781
6.577537295
6.868694809
7.159852323
7.451009837
7.742167351
8.033324865
8.324482379
8.615639893
8.906797407
9.197954921000001
9.489112435000001
9.780269949000001
10.071427463000001
10.362584977000001
10.653742491000001
10.944900005000001
11.236057519000001
11.527215033000001
11.818372547000001
12.109530061000001
12.400687575000001
12.691845089000001
12.983002603000001
13.274160117000001
13.565317631000001
13.856475145000001
14.147632659000001
14.438790173000001
14.729947687000001
15.021105201000001
15.312262715000001
15.603420229000001
15.894577743000001
16.185735257
16.476892771
16.768050285
17.059207799
17.350365312999998
17.641522827
17.932680341
18.223837855
18.514995368999998
18.806152883
19.097310397
19.388467911
19.679625424999998
19.970782939
20.261940453
20.553097967
20.844255480999998
21.135412995
21.426570509
21.717728023
22.008885536999998
22.300043051
22.591200565
22.882358079
23.173515592999998
23.464673107
23.755830621
24.046988135
24.338145648999998
24.629303163
24.920460677
25.211618191
25.502775704999998
25.793933219
26.085090733
26.376248247
26.667405760999998
26.958563275
27.249720789
27.540878303
27.832035816999998
28.123193331
28.414350845
28.705508359
28.996665872999998
29.287823387
29.578980901
