# f
1.47216046
1.698039727
1.923918994
2.149798261
2.3756775279999998
2.601556795
2.827436062
3.053315329
3.279194596
3.505073863
3.73095313
3.956832397
4.182711663999999
4.408590931
4.634470198
4.8603494650000005
5.086228732
5.312107999
5.537987266
5.763866533
5.9897458
6.2156250669999995
6.441504333999999
6.667383600999999
6.893262867999999
7.119142135000001
7.345021402
7.570900669
7.796779936
8.022659203
8.24853847
8.474417737
8.700297004
8.926176271
9.152055537999999
9.377934805
9.603814071999999
9.829693338999999
10.055572606
10.281451873
10.50733114
10.733210407
10.959089674
11.184968941
11.410848207999999
11.636727474999999
11.862606741999999
12.088486008999999
12.314365275999998
12.540244543
12.76612381
12.992003077
13.217882344
13.443761611
13.669640878
13.895520144999999
14.121399411999999
14.347278678999999
14.573157945999998
14.799037213
15.02491648
15.250795747
15.476675014
15.702554281
15.928433548
16.154312815
16.380192082
16.606071349
16.831950616
17.057829883
17.28370915
17.509588417
17.735467684
17.961346951
18.187226218
18.413105485000003
18.638984752000002
18.864864019000002
19.090743286000002
19.316622553000002
19.542501820000002
19.768381087
19.994260354
20.220139621
20.446018888
20.671898155
20.897777422
21.123656689
21.349535956
21.575415223
21.80129449
22.027173757
22.253053024
22.478932291
22.704811558
22.930690825
23.156570092
23.382449359000002
23.608328626000002
23.834207893000002
