# f
5.4698594
5.495562377
5.521265354
5.5469683309999995
5.572671307999999
5.598374285
5.624077262
5.649780239
5.675483216
5.701186193
5.72688917
5.752592147
5.778295124
5.8039981009999995
5.829701077999999
5.855404055
5.881107032
5.906810009
5.932512986
5.958215963
5.98391894
6.009621917
6.0353248939999995
6.061027870999999
6.086730848
6.112433825
6.138136802
6.163839779
6.189542756
6.215245733
6.24094871
6.2666516869999995
6.292354663999999
6.318057640999999
6.343760618
6.369463595
6.395166572
6.420869549
6.446572526
6.472275503
6.49797848
6.5236814569999995
6.549384434
6.575087411
6.600790388
6.626493365
6.652196342
6.677899319
6.703602296
6.729305273
6.7550082499999995
6.780711226999999
6.806414203999999
6.832117180999999
6.857820158
6.883523135
6.909226112
6.934929089
6.960632066
6.9863350429999995
7.012038019999999
7.037740997
7.063443974
7.089146951
7.114849928
7.140552905
7.166255882
7.191958859
7.2176618359999996
7.2433648129999995
7.269067789999999
7.294770766999999
7.320473743999999
7.346176721
7.371879698
7.397582675
7.423285652
7.448988629
7.4746916059999995
7.500394583
7.52609756
7.551800537
7.577503514
7.603206491
7.628909468
7.654612445
7.680315422
7.7060183989999995
7.731721375999999
7.757424352999999
7.783127329999999
7.808830306999999
7.834533283999999
7.860236261
7.885939238
7.911642215
7.9373451919999995
7.9630481689999995
7.988751146
8.014454123
