# f
6.96902905
7.238770036999999
7.508511024
7.778252010999999
8.047992998
8.317733985
8.587474971999999
8.857215959
9.126956946
9.396697932999999
9.66643892
9.936179907
10.205920893999998
10.475661880999999
10.745402868
11.015143855
11.284884842
11.554625828999999
11.824366816
12.094107803
12.363848789999999
12.633589777
12.903330764
13.173071750999998
13.442812737999999
13.712553725
13.982294711999998
14.252035699
14.521776685999999
14.791517673
15.06125866
15.330999646999999
15.600740634
15.870481621
16.140222608
16.409963595
16.679704582
16.949445568999998
17.219186555999997
17.488927543
17.75866853
18.028409517
18.298150504
18.567891490999997
18.837632478
19.107373465
19.377114452
19.646855439
19.916596425999998
20.186337412999997
20.4560784
20.725819387
20.995560374
21.265301361
21.535042347999998
21.804783335
22.074524322
22.344265309
22.614006296
22.883747282999998
23.15348827
23.423229257
23.692970243999998
23.962711231
24.232452218
24.502193204999998
24.771934192
25.041675179
25.311416165999997
25.581157153
25.850898139999998
26.120639127
26.390380114
26.660121100999998
26.929862088
27.199603075
27.469344061999998
27.739085049
28.008826036
28.278567022999997
28.54830801
28.818048996999998
29.087789983999997
29.357530971
29.627271957999998
29.897012945
30.166753932
30.436494918999998
30.706235906
30.975976893
31.245717879999997
31.515458867
31.785199854
32.054940841
32.324681827999996
32.594422815
32.86416380199999
33.133904789
33.403645776
33.673386762999996
