# f
0.476497418
0.8332327500000001
1.189968082
1.546703414
1.903438746
2.260174078
2.6169094100000003
2.9736447420000003
3.3303800740000002
3.687115406
4.043850738
4.40058607
4.7573214020000005
5.114056734
5.4707920660000005
5.827527398
6.18426273
6.540998062000001
6.897733394
7.254468726000001
7.611204058
7.967939390000001
8.324674722
8.681410053999999
9.038145386
9.394880718
9.751616049999999
10.108351382
10.465086714
10.821822046
11.178557377999999
11.53529271
11.892028042
12.248763374
12.605498706
12.962234038
13.31896937
13.675704701999999
14.032440034
14.389175366
14.745910698
15.10264603
15.459381362
15.816116694
16.172852026
16.529587358
16.88632269
17.243058022000003
17.599793354000003
17.956528686000002
18.313264018
18.66999935
19.026734682
19.383470014
19.740205346000003
20.096940678000003
20.453676010000002
20.810411342000002
21.167146674
21.523882006
21.880617338
22.237352670000003
22.594088002000003
22.950823334000003
23.307558666000002
23.664293998
24.02102933
24.377764662
24.734499994000004
25.091235326000003
25.447970658000003
25.804705990000002
26.161441322
26.518176654
26.874911986
27.231647318000004
27.588382650000003
27.945117982000003
28.301853314000002
28.658588646000002
29.015323978
29.37205931
29.728794642000004
30.085529974000004
30.442265306000003
30.799000638000003
31.155735970000002
31.512471302
31.869206634
32.225941966
32.582677298
32.93941263
33.296147962
33.652883294000006
34.009618626000005
34.366353958000005
34.723089290000004
35.079824622000004
35.436559954
35.793295286
