# f
4.23026101
4.431906874
4.633552738000001
4.835198602
5.036844466000001
5.23849033
5.440136194000001
5.641782058
5.843427922
6.045073786000001
6.246719650000001
6.448365514000001
6.650011378
6.851657242
7.053303106
7.254948970000001
7.456594834000001
7.658240698
7.859886562000001
8.061532426000001
8.26317829
8.464824154
8.666470018000002
8.868115882000001
9.069761746000001
9.27140761
9.473053474
9.674699338
9.876345202
10.077991066000001
10.27963693
10.481282794000002
10.682928658000002
10.884574522000001
11.086220386
11.28786625
11.489512114
11.691157978
11.892803842000001
12.094449706
12.296095570000002
12.497741434000002
12.699387298000001
12.901033162000001
13.102679026
13.30432489
13.505970754
13.707616618
13.909262481999999
14.110908346000002
14.312554210000002
14.514200074000001
14.715845938000001
14.917491802
15.119137666
15.32078353
15.522429394
15.724075258
15.925721122000002
16.127366986000002
16.32901285
16.530658714
16.732304578
16.933950442
17.135596306
17.33724217
17.538888034
17.740533898000002
17.942179762000002
18.143825626
18.34547149
18.547117354
18.748763218
18.950409082
19.152054946
19.35370081
19.555346674000003
19.756992538000002
19.958638402000002
20.160284266
20.36193013
20.563575994
20.765221858
20.966867722
21.168513586
21.37015945
21.571805314
21.773451178000002
21.975097042
22.176742906
22.37838877
22.580034634
22.781680498
22.983326362
23.184972226
23.38661809
23.588263954
23.789909818
23.991555682
24.193201546
