# f
4.49990286
4.820401727
5.140900594
5.461399461
5.781898328
6.102397195
6.4228960619999995
6.743394929
7.063893796
7.384392663
7.704891529999999
8.025390396999999
8.345889264
8.666388131
8.986886998
9.307385865
9.627884732
9.948383599
10.268882466
10.589381333
10.9098802
11.230379067000001
11.550877933999999
11.871376801
12.191875668000002
12.512374535
12.832873402
13.153372269000002
13.473871136
13.794370003000001
14.114868869999999
14.435367737
14.755866604000001
15.076365470999999
15.396864338
15.717363205000002
16.037862072
16.358360939
16.678859806000002
16.999358673
17.31985754
17.640356407000002
17.960855274
18.281354141
18.601853008
18.922351875
19.242850742
19.563349609
19.883848476
20.204347343000002
20.52484621
20.845345077
21.165843944
21.486342811
21.806841678
22.127340545
22.447839412
22.768338279
23.088837146
23.409336013
23.72983488
24.050333747
24.370832614
24.691331481
25.011830348
25.332329215
25.652828082
25.973326949
26.293825816000002
26.614324683
26.93482355
27.255322417
27.575821284
27.896320151
28.216819018
28.537317885
28.857816752
29.178315619
29.498814486
29.819313353000002
30.13981222
30.460311087
30.780809954000002
31.101308821
31.421807688
31.742306555
32.062805422000004
32.383304289
32.703803156
33.024302023000004
33.34480089
33.665299757
33.985798624000005
34.306297491
34.626796358
34.947295225000005
35.267794092
35.588292959
35.908791826000005
36.229290693
