# f
6.94996051
7.092079538
7.234198566000001
7.3763175940000005
7.518436622
7.66055565
7.802674678000001
7.9447937060000005
8.086912734
8.229031762
8.37115079
8.513269818000001
8.655388846000001
8.797507874
8.939626902
9.08174593
9.223864958
9.365983986
9.508103014
9.650222042000001
9.79234107
9.934460098
10.076579126
10.218698154
10.360817182000002
10.502936210000001
10.645055238000001
10.787174266000001
10.929293294
11.071412322
11.21353135
11.355650378
11.497769406
11.639888434
11.782007462000001
11.92412649
12.066245518
12.208364546
12.350483574000002
12.492602602000002
12.634721630000001
12.776840658000001
12.918959686
13.061078714
13.203197742
13.34531677
13.487435798
13.629554826
13.771673854000001
13.913792882000001
14.05591191
14.198030938
14.340149966000002
14.482268994000002
14.624388022000002
14.766507050000001
14.908626078000001
15.050745106
15.192864134
15.334983162
15.47710219
15.619221218000002
15.761340246000001
15.903459274000001
16.045578302000003
16.18769733
16.329816358000002
16.471935386
16.614054414
16.756173442
16.89829247
17.040411498
17.182530526
17.324649554
17.466768582
17.608887610000004
17.751006638
17.893125666000003
18.035244694
18.177363722000003
18.31948275
18.461601778000002
18.603720806000002
18.745839834
18.887958862
19.03007789
19.172196918
19.314315946
19.456434974
19.598554002
19.740673030000004
19.882792058
20.024911086000003
20.167030114
20.309149142000003
20.45126817
20.593387198000002
20.735506226000002
20.877625254
21.019744282
