# f
1.30185423
1.54904078
1.79622733
2.04341388
2.29060043
2.53778698
2.7849735300000003
3.03216008
3.27934663
3.52653318
3.77371973
4.02090628
4.2680928300000005
4.51527938
4.76246593
5.00965248
5.25683903
5.50402558
5.75121213
5.99839868
6.24558523
6.49277178
6.73995833
6.98714488
7.23433143
7.4815179800000005
7.72870453
7.97589108
8.22307763
8.470264180000001
8.71745073
8.96463728
9.21182383
9.45901038
9.70619693
9.95338348
10.20057003
10.44775658
10.69494313
10.94212968
11.18931623
11.43650278
11.68368933
11.93087588
12.17806243
12.425248980000001
12.67243553
12.91962208
13.16680863
13.41399518
13.661181730000001
13.90836828
14.15555483
14.40274138
14.64992793
14.89711448
15.144301030000001
15.39148758
15.63867413
15.88586068
16.133047230000003
16.38023378
16.62742033
16.87460688
17.12179343
17.36897998
17.61616653
17.86335308
18.11053963
18.35772618
18.60491273
18.85209928
19.09928583
19.34647238
19.59365893
19.84084548
20.08803203
20.33521858
20.58240513
20.82959168
21.07677823
21.32396478
21.57115133
21.81833788
22.06552443
22.312710980000002
22.55989753
22.80708408
23.05427063
23.30145718
23.548643730000002
23.79583028
24.04301683
24.29020338
24.53738993
24.784576480000002
25.03176303
25.27894958
25.52613613
25.77332268
