# f
5.58205477
5.740305676
5.898556582
6.0568074880000005
6.215058394
6.3733093
6.531560206
6.689811112
6.848062018
7.0063129239999995
7.1645638300000005
7.322814736
7.481065642
7.639316548
7.797567454
7.95581836
8.114069266
8.272320172
8.430571078
8.588821983999999
8.74707289
8.905323796
9.063574702
9.221825608
9.380076513999999
9.53832742
9.696578326000001
9.854829232
10.013080138
10.171331043999999
10.32958195
10.487832856
10.646083762
10.804334668
10.962585574
11.120836480000001
11.279087386
11.437338292
11.595589197999999
11.753840104
11.912091010000001
12.070341916
12.228592822
12.386843727999999
12.545094634
12.70334554
12.861596446
13.019847352
13.178098257999999
13.336349164
13.49460007
13.652850976
13.811101881999999
13.969352787999998
14.127603694000001
14.2858546
14.444105506
14.602356411999999
14.760607317999998
14.918858224000001
15.07710913
15.235360036
15.393610941999999
15.551861848000001
15.710112754
15.86836366
16.026614566
16.184865472
16.343116378
16.501367284
16.65961819
16.817869096
16.976120002
17.134370908
17.292621814
17.45087272
17.609123626
17.767374531999998
17.925625438
18.083876344
18.24212725
18.400378156
18.558629062
18.716879968
18.875130874
19.03338178
19.191632686
19.349883592
19.508134498
19.666385404
19.82463631
19.982887215999998
20.141138122
20.299389028
20.457639934
20.61589084
20.774141745999998
20.932392652
21.090643558
21.248894464
