# f
2.33185005
2.6555996889999998
2.9793493279999996
3.303098967
3.626848606
3.9505982449999997
4.274347884
4.598097523
4.921847162
5.245596801
5.5693464399999995
5.893096078999999
6.216845718
6.540595357
6.864344996
7.188094635
7.5118442739999995
7.835593912999999
8.159343552
8.483093190999998
8.806842829999999
9.130592469
9.454342107999999
9.778091747
10.101841386
10.425591025
10.749340664
11.073090302999999
11.396839942
11.720589580999999
12.04433922
12.368088858999998
12.691838498
13.015588137
13.339337775999999
13.663087415
13.986837053999999
14.310586693
14.634336331999998
14.958085971
15.281835609999998
15.605585248999999
15.929334888
16.253084527
16.576834165999998
16.900583804999997
17.224333444
17.548083082999998
17.871832722
18.195582361
18.519332
18.843081638999998
19.166831278
19.490580917
19.814330555999998
20.138080194999997
20.461829834
20.785579473
21.109329111999998
21.433078751
21.75682839
22.080578028999998
22.404327667999997
22.728077307
23.051826946
23.375576584999997
23.699326224
24.023075863
24.346825501999998
24.670575140999997
24.99432478
25.318074419
25.641824057999997
25.965573697
26.289323336
26.613072974999998
26.936822613999997
27.260572253
27.584321892
27.908071530999997
28.231821169999996
28.555570809
28.879320447999998
29.203070086999997
29.526819726
29.850569365
30.174319003999997
30.498068642999996
30.821818282
31.145567920999998
31.469317559999997
31.793067199
32.116816838
32.440566477
32.764316115999996
33.088065755
33.411815394
33.735565033
34.059314672
34.383064311
