!OMP_NUM_THREADS description key a b 
 8 Iter1-Sample00         0     2.1961468883e-01     1.9057346358e+00 
 8 Iter1-Sample01         1     3.5673533227e-01     4.7649741822e-01 
 8 Iter1-Sample02         2     2.9483225281e-01     1.3270613755e+00 
 8 Iter1-Sample03         3     1.8373879573e-01     1.4710209874e+00 
 8 Iter1-Sample04         4     1.3400090010e-01     2.5653624279e+00 
 8 Iter1-Sample05         5     2.2587926722e-01     1.4721604629e+00 
 8 Iter1-Sample06         6     2.6124012476e-01     1.4427779062e+00 
 8 Iter1-Sample07         7     2.6362336799e-01     9.8567507575e-01 
 8 Iter1-Sample08         8     2.9115751433e-01     7.5438701518e-01 
 8 Iter1-Sample09         9     2.4718655011e-01     1.3018542282e+00 
 8 Iter1-Sample10        10     3.2374963927e-01     2.3318500534e+00 
 8 Iter1-Sample11        11     2.6974098692e-01     6.9690290478e+00 
 8 Iter1-Sample12        12     2.2600847210e-01     5.2167082522e+00 
 8 Iter1-Sample13        13     1.4211902778e-01     6.9499605114e+00 
 8 Iter1-Sample14        14     3.4685321197e-01     5.3316853236e+00 
 8 Iter1-Sample15        15     1.5825090619e-01     5.5820547724e+00 
 8 Iter1-Sample16        16     3.2049886720e-01     4.4999028648e+00 
 8 Iter1-Sample17        17     2.0164586405e-01     4.2302610061e+00 
 8 Iter1-Sample18        18     2.5702977008e-02     5.4698594000e+00 
 8 Iter1-Sample19        19     1.6658917944e-01     6.1809364510e+00 
