# f
0.985675076
1.2492984440000001
1.512921812
1.7765451800000003
2.040168548
2.303791916
2.5674152840000004
2.831038652
3.0946620200000003
3.3582853880000005
3.6219087560000003
3.8855321240000005
4.149155492
4.41277886
4.676402228000001
4.940025596
5.203648964
5.467272332
5.7308957000000005
5.994519068
6.258142436
6.521765804
6.785389172
7.0490125400000005
7.312635908000001
7.576259276
7.839882644
8.103506012
8.367129380000002
8.630752748
8.894376116
9.157999484000001
9.421622852
9.68524622
9.948869588
10.212492956
10.476116324000001
10.739739692
11.00336306
11.266986428000001
11.530609796
11.794233164000001
12.057856532
12.3214799
12.585103268000001
12.848726636
13.112350004000001
13.375973372
13.639596740000002
13.903220108000001
14.166843476
14.430466844000001
14.694090212
14.957713580000002
15.221336948000001
15.484960316
15.748583684000002
16.012207052
16.275830420000002
16.539453788000003
16.803077156
17.066700524
17.330323892000003
17.59394726
17.857570628
18.121193996000002
18.384817364
18.648440732
18.912064100000002
19.175687468000003
19.439310836
19.702934204
19.966557572000003
20.23018094
20.493804308
20.757427676000002
21.021051044
21.284674412
21.548297780000002
21.811921148000003
22.075544516
22.339167884000002
22.602791252000003
22.86641462
23.130037988
23.393661356000003
23.657284724
23.920908092
24.184531460000002
24.448154828000003
24.711778196
24.975401564000002
25.239024932000003
25.5026483
25.766271668
26.029895036000003
26.293518404000004
26.557141772
26.820765140000002
27.084388508000004
