# f
5.21670825
5.442716722
5.668725194
5.894733666
6.120742138
6.34675061
6.572759082
6.798767553999999
7.024776026
7.250784498
7.47679297
7.702801442
7.928809914
8.154818385999999
8.380826857999999
8.60683533
8.832843802
9.058852274
9.284860746
9.510869218
9.73687769
9.962886162
10.188894634
10.414903106
10.640911578
10.866920050000001
11.092928522
11.318936994
11.544945466
11.770953938
11.996962409999998
12.222970881999998
12.448979353999999
12.674987825999999
12.900996297999999
13.12700477
13.353013242
13.579021714
13.805030186
14.031038658
14.25704713
14.483055602
14.709064073999999
14.935072545999999
15.161081017999999
15.38708949
15.613097962
15.839106434
16.065114905999998
16.291123378
16.51713185
16.743140322
16.969148794
17.195157266
17.421165738
17.64717421
17.873182682
18.099191154
18.325199626
18.551208098
18.77721657
19.003225041999997
19.229233514
19.455241985999997
19.681250458
19.907258929999998
20.133267402
20.359275873999998
20.585284346
20.811292818
21.03730129
21.263309762
21.489318234
21.715326706
21.941335178
22.16734365
22.393352122
22.619360594
22.845369066
23.071377538
23.29738601
23.523394482
23.749402954
23.975411425999997
24.201419897999997
24.427428369999998
24.653436841999998
24.879445313999998
25.105453785999998
25.331462258
25.55747073
25.783479202
26.009487674
26.235496146
26.461504618
26.68751309
26.913521562
27.139530034
27.365538506
27.591546978
