# f
1.44277791
1.704018035
1.9652581599999999
2.226498285
2.48773841
2.748978535
3.0102186599999996
3.271458785
3.5326989099999997
3.793939035
4.05517916
4.316419285
4.57765941
4.8388995349999995
5.10013966
5.361379785
5.62261991
5.883860035
6.14510016
6.406340285
6.66758041
6.928820535
7.19006066
7.451300785
7.7125409099999995
7.973781035
8.235021159999999
8.496261285
8.75750141
9.018741535
9.279981659999999
9.541221785
9.80246191
10.063702035
10.324942159999999
10.586182285
10.84742241
11.108662535
11.36990266
11.631142785
11.89238291
12.153623034999999
12.41486316
12.676103285
12.93734341
13.198583535
13.45982366
13.721063785
13.982303909999999
14.243544035
14.50478416
14.766024285
15.027264409999999
15.288504535
15.54974466
15.810984785
16.07222491
16.333465035
16.59470516
16.855945284999997
17.117185409999998
17.378425534999998
17.63966566
17.900905785
18.16214591
18.423386035
18.68462616
18.945866285
19.207106409999998
19.468346535
19.72958666
19.990826785
20.25206691
20.513307035
20.77454716
21.035787284999998
21.29702741
21.558267535
21.81950766
22.080747785
22.34198791
22.603228035
22.864468159999998
23.125708284999998
23.38694841
23.648188535
23.90942866
24.170668785
24.43190891
24.693149034999998
24.954389159999998
25.215629285
25.47686941
25.738109535
25.99934966
26.260589785
26.521829909999997
26.783070034999998
27.04431016
27.305550285
