# f
6.18093645
6.347525629
6.5141148079999995
6.680703987
6.847293166
7.013882345
7.180471524
7.347060703
7.513649882
7.680239061
7.84682824
8.013417419
8.180006598
8.346595777000001
8.513184956
8.679774135
8.846363314
9.012952493
9.179541672
9.346130851
9.51272003
9.679309209
9.845898388
10.012487567
10.179076746
10.345665924999999
10.512255104000001
10.678844283
10.845433461999999
11.012022641
11.17861182
11.345200999
11.511790178
11.678379357
11.844968536
12.011557715
12.178146894000001
12.344736073
12.511325251999999
12.677914431000001
12.84450361
13.011092789
13.177681968
13.344271147
13.510860326
13.677449505
13.844038684000001
14.010627863
14.177217041999999
14.343806221000001
14.5103954
14.676984578999999
14.843573758000002
15.010162937
15.176752116
15.343341295000002
15.509930474
15.676519653
15.843108831999999
16.009698011
16.17628719
16.342876369
16.509465548
16.676054727
16.842643906
17.009233085
17.175822264
17.342411443
17.509000622
17.675589801
17.84217898
18.008768159
18.175357338
18.341946517
18.508535696
18.675124875
18.841714054
19.008303233
19.174892412000002
19.341481591
19.50807077
19.674659949
19.841249128
20.007838307
20.174427486
20.341016665
20.507605844
20.674195023
20.840784202000002
21.007373381
21.17396256
21.340551739
21.507140918
21.673730097
21.840319276
22.006908455
22.173497634
22.340086813000003
22.506675992
22.673265171
