# f
1.90573464
2.125349329
2.3449640179999998
2.564578707
2.784193396
3.003808085
3.223422774
3.443037463
3.6626521519999997
3.882266841
4.10188153
4.321496219
4.541110908
4.760725597
4.980340286000001
5.199954975
5.419569664
5.639184353
5.858799041999999
6.0784137309999995
6.29802842
6.517643109
6.737257798
6.956872487
7.176487176
7.396101865
7.6157165540000005
7.835331243000001
8.054945932
8.274560621
8.49417531
8.713789999
8.933404688
9.153019377
9.372634066
9.592248755
9.811863444
10.031478133
10.251092822
10.470707511
10.6903222
10.909936889
11.129551578000001
11.349166267000001
11.568780956000001
11.788395645
12.008010334
12.227625023
12.447239712
12.666854401
12.88646909
13.106083779
13.325698468
13.545313157
13.764927846
13.984542535000001
14.204157224000001
14.423771913000001
14.643386602
14.863001291
15.08261598
15.302230669
15.521845358
15.741460047
15.961074736
16.180689425
16.400304114
16.619918803
16.839533492
17.059148181
17.27876287
17.498377558999998
17.717992247999998
17.937606936999998
18.157221626
18.376836315
18.596451004
18.816065693
19.035680382
19.255295071
19.47490976
19.694524449
19.914139138
20.133753827
20.353368516
20.572983205
20.792597894
21.012212583
21.231827272
21.451441961
21.671056649999997
21.890671338999997
22.110286027999997
22.329900716999997
22.549515405999998
22.769130094999998
22.988744783999998
23.208359472999998
23.427974161999998
23.647588851
