# f
1.32706138
1.621893633
1.916725886
2.211558139
2.506390392
2.801222645
3.0960548979999998
3.390887151
3.685719404
3.980551657
4.27538391
4.5702161629999996
4.865048416
5.159880669
5.454712922
5.749545175
6.044377428
6.339209681
6.634041934
6.928874187
7.22370644
7.518538693
7.813370946
8.108203199
8.403035452
8.697867705
8.992699958
9.287532210999998
9.582364464
9.877196717
10.17202897
10.466861223
10.761693476
11.056525728999999
11.351357982
11.646190234999999
11.941022488
12.235854740999999
12.530686994
12.825519246999999
13.1203515
13.415183752999999
13.710016006
14.004848259
14.299680512
14.594512765
14.889345018
15.184177271
15.479009523999999
15.773841777
16.068674029999997
16.363506283
16.658338536
16.953170788999998
17.248003042
17.542835295
17.837667548
18.132499800999998
18.427332054
18.722164307
19.01699656
19.311828812999998
19.606661066
19.901493319
20.196325572
20.491157825
20.785990077999998
21.080822331
21.375654584
21.670486837
21.965319089999998
22.260151343
22.554983596
22.849815849
23.144648101999998
23.439480355
23.734312608
24.029144861
24.323977113999998
24.618809367
24.91364162
25.208473873
25.503306126
25.798138378999997
26.092970632
26.387802885
26.682635138
26.977467390999998
27.272299644
27.567131897
27.86196415
28.156796402999998
28.451628656
28.746460909
29.041293162
29.336125414999998
29.630957667999997
29.925789921
30.220622174
30.515454426999998
