!OMP_NUM_THREADS description key a b 
 8 Iter0-Sample00         0     1.0000000000e-03     1.0000000000e-03 
 8 Iter0-Sample01         1     5.0050000000e-01     3.3340000000e+00 
 8 Iter0-Sample02         2     2.5075000000e-01     6.6670000000e+00 
 8 Iter0-Sample03         3     7.5025000000e-01     1.1120000000e+00 
 8 Iter0-Sample04         4     1.2587500000e-01     4.4450000000e+00 
 8 Iter0-Sample05         5     6.2537500000e-01     7.7780000000e+00 
 8 Iter0-Sample06         6     3.7562500000e-01     2.2230000000e+00 
 8 Iter0-Sample07         7     8.7512500000e-01     5.5560000000e+00 
 8 Iter0-Sample08         8     6.3437500000e-02     8.8890000000e+00 
 8 Iter0-Sample09         9     5.6293750000e-01     3.7133333333e-01 
 8 Iter0-Sample10        10     3.1318750000e-01     3.7043333333e+00 
 8 Iter0-Sample11        11     8.1268750000e-01     7.0373333333e+00 
 8 Iter0-Sample12        12     1.8831250000e-01     1.4823333333e+00 
 8 Iter0-Sample13        13     6.8781250000e-01     4.8153333333e+00 
 8 Iter0-Sample14        14     4.3806250000e-01     8.1483333333e+00 
 8 Iter0-Sample15        15     9.3756250000e-01     2.5933333333e+00 
 8 Iter0-Sample16        16     3.2218750000e-02     5.9263333333e+00 
 8 Iter0-Sample17        17     5.3171875000e-01     9.2593333333e+00 
 8 Iter0-Sample18        18     2.8196875000e-01     7.4166666667e-01 
 8 Iter0-Sample19        19     7.8146875000e-01     4.0746666667e+00 
